5335208
5309303
5290007
5294850
5299504
5294833
5313932
5294777
5294834
5309317
5294847
5330526
5324488
5309224
5313944
5349965
5299515
5308842
5309199
5313924
5309288
5325950
5313858
5325894
5313874
5313870
5313922
5294764
5325913
5325962
5313898
5325875
5313886
5313878
5313920
5325915
5325880
5326195
5313882
5325946
5325820
5325959
5313850
5325882
5325873
5325743
5324672
5325989
5325980
5313876
5325817
5324496
5313880
5324622
5325853
5324634
5324162
5324517
5324632
5324636
5313928
5323563
5313884
5324178
5324492
5323567
5323575
5325691
5324674
5323553
5324172
5324511
5323515
5323508
5324174
5324181
5323506
5328529
5329808
5329675
5329282
5313842
5327415
5329004
5328842
5328433
5329138
5328435
5328900
5328221
5329139
5328773
5327431
5329478
5329664
5328767
5329514
5329010
5329289
5329479
5329140
5329491
5329454
5329006
5327421
5329278
5328994
5329002
5329440
5328998
5328991
5329268
5329427
5328987
5329437
5329432
5329428
5329429
5329424
5329000
5328964
5328485
5329518
5328934
5329263
5328960
5313800
5313838
5323523
5328974
5329155
5327544
5327435
5327427
5329242
5328183
5328531
5328962
5327413
5329221
5329205
5328926
5329189
5329219
5329214
5329224
5329192
5329188
5328112
5327429
5329206
5329218
5328533
5328665
5328219
5328667
5328645
5328613
5328612
5314110
5313836
5312456
5328098
5328586
5328609
5328109
5328542
5328548
5328023
5327481
5327437
5327503
5327389
5327488
5328590
5328097
5327566
5327497
5328666
5327385
5327605
5327632
5327599
5327505
5327814
5327395
5327218
5327227
5327877
5327967
5327984
5327742
5327841
5327265
5327954
5327210
5327236
5327927
5327492
5320595
5327139
5325078
5327194
5326983
5326445
5326649
5326412
5326647
5326641
5326428
5326261
5326645
5326403
5326255
5326643
5326653
5326414
5326251
5326264
5326421
5326517
5323502
5323517
5323533
5326774
5326651
5326374
5326407
5323549
5323537
5326259
5326054
5323483
5326201
5326237
5313772
5313722
5313750
5313734
5326592
5313724
5294690
5326276
5294684
5326059
5294741
5313720
5312367
5315103
5315478
5315551
5315522
5315189
5314753
5315482
5315495
5315193
5314740
5315493
5317792
5315102
5316902
5316918
5313592
5314553
5317877
5315255
5318500
5315252
5317882
5315248
5316971
5318100
5318207
5318280
5317902
5318499
5318113
5318655
5318606
5317912
5317916
5317920
5317922
5317900
5318034
5318015
5318038
5318036
5317996
5317858
5318032
5316961
5317907
5317924
5317928
5317984
5318040
5318042
5318044
5318599
5318761
5317909
5318666
5316957
5316959
5316953
5316228
5316302
5316306
5317012
5316216
5317028
5317059
5317024
5316951
5316188
5317015
5316182
5316680
5316178
5312217
5316190
5316206
5316928
5317021
5316292
5316781
5316170
5316561
5316212
5316236
5316599
5316667
5315833
5315839
5316128
5315841
5317747
5317259
5316162
5316342
5312222
5317263
5316394
5315805
5316344
5315797
5315803
5317734
5316115
5317780
5313552
5317761
5317394
5315795
5316450
5317672
5316866
5317277
5316458
5316488
5316324
5316338
5315783
5316074
5316340
5316095
5316334
5316328
5316332
5317138
5315725
5316020
5312374
5315558
5317272
5316326
5315497
5316336
5315761
5315930
5315762
5315400
5317141
5315779
5315963
5315727
5314730
5314734
5294791
5315731
5314936
5315710
5314302
5314934
5314310
5314653
5314655
5314312
5314304
5313640
5314277
5314249
5314314
5314231
5313958
5314613
5314279
5314289
5314265
5314298
5313962
5314243
5314292
5313730
5312415
5314273
5314247
5313948
5313744
5314651
5314223
5314237
5313758
5313766
5314074
5314281
5313748
5313736
5313950
5313754
5314229
5313776
5313790
5313740
5313792
5314225
5313786
5294612
5294662
5294636
5294661
5294181
5294178
5294619
5294675
5294641
5294395
5294583
5294183
5294267
5294382
5294569
5294376
5294426
5294558
5294650
5294191
5294611
5294498
5294158
5294172
5294156
5294413
5294127
5294147
5294007
5294045
5294047
5294179
5294170
5294041
5294070
5294171
5349904
5296082
5296084
5296922
5296080
5296071
5296053
5296041
5296950
5296842
5297045
5296926
5296222
5296224
5296999
5298018
5296975
5296963
5298133
5296402
5296932
5297014
5296411
5296807
5296848
5297031
5297279
5296979
5297325
5297260
5297274
5297254
5297310
5297299
5296910
5297309
5297236
5297119
5297116
5296060
5296967
5296775
5297112
5296770
5297137
5296722
5296834
5296705
5297282
5297244
5297382
5296702
5349794
5296628
5296634
5349928
5296652
5296689
5296783
5294026
5296620
5296570
5296666
5296381
5296391
5296398
5296413
5296374
5296376
5296255
5296314
5296356
5296253
5296629
5296651
5295963
5295973
5295180
5295225
5295228
5295245
5295255
5295280
5296341
5296349
5296367
5296464
5296236
5295272
5295934
5295960
5295290
5295295
5295307
5296026
5296031
5295962
5296021
5295301
5295603
5296230
5295905
5295275
5296015
5295857
5349829
5349870
5295519
5295507
5295522
5295127
5295404
5289028
5295703
5295529
5289032
5289035
5295145
5295174
5295407
5295343
5295078
5295738
5295119
5295483
5295309
5295112
5295056
5295065
5295394
5295336
5295038
5295244
5295040
5295392
5295013
5295300
5297923
5295086
5295207
5295199
5295048
5295196
5295030
5295342
5295333
5297993
5295211
5297829
5297837
5297843
5293892
5349915
5347326
5349962
5297708
5297615
5297614
5297620
5297737
5297621
5297613
5294826
5297703
5288322
5349661
5349424
5294907
5349460
5297480
5349409
5349634
5294824
5349157
5349164
5294787
5294882
5294860
5294841
5297669
5349490
5349703
5297484
5349411
5295071
5297415
5297420
5294795
5349152
5348262
5348469
5349377
5349230
5349215
5348027
5348352
5348375
5348351
5348464
5348317
5348780
5349383
5348307
5348470
5348308
5348710
5348527
5348938
5346508
5348046
5348129
5346542
5346506
5346967
5346945
5346589
5346504
5346895
5346768
5346821
5346840
5346842
5346877
5346544
5346910
5346529
5346477
5346481
5348294
5348047
5348112
5346941
5346858
5348111
5346825
5346875
5346634
5346679
5348136
5346459
5348289
5348321
5346442
5348760
5289881
5346610
5346681
5346732
5346591
5289863
5289873
5289871
5350576
5349936
5350103
5289697
5350635
5350364
5350543
5289869
5350652
5350083
5350066
5350506
5351096
5351442
5350003
5350037
5351026
5351083
5350292
5351025
5289817
5289875
5350993
5350605
5350476
5351448
5351438
5350510
5350638
5350590
5350025
5351020
5350992
5351064
5351092
5350591
5350282
5349992
5350291
5350422
5350681
5350298
5350572
5350345
5350578
5350166
5350879
5350401
5350167
5350326
5350330
5350423
5350322
5350355
5350339
5349995
5349994
5350406
5350280
5350342
5350315
5350486
5289867
5347199
5350337
5350119
5289877
5289865
5349175
5349982
5349987
5349729
5349963
5349720
5349708
5349974
5349355
5349966
5350710
5349328
5351965
5351951
5349288
5349341
5349309
5349364
5349159
5351849
5349330
5352060
5349307
5290180
5351763
5352059
5351767
5289879
5349339
5351595
5351699
5351629
5351700
5351630
5351631
5351964
5347903
5346612
5351449
5352058
5351648
5347910
5347131
5347906
5351646
5347900
5347849
5347802
5347730
5347108
5347705
5347104
5347365
5347847
5347701
5347410
5347361
5347369
5347914
5347150
5346521
5347169
5347267
5348585
5347144
5348806
5348518
5348344
5346519
5347167
5348601
5348484
5348828
5348818
5348554
5348848
5348872
5348930
5348643
5348839
5348804
5348859
5289618
5289655
5349196
5348571
5289451
5289748
5289632
5289678
5289449
5289646
5289446
5349115
5289745
5289735
5348613
5348861
5289623
5289453
5289907
5289440
5289444
5289442
5289435
5289430
5289690
5349177
5289382
5289407
5289385
5289720
5291931
5330406
5330394
5291909
5330408
5292376
5330412
5330392
5330410
5291310
5330396
5330400
5292526
5330388
5292315
5291063
5292525
5291905
5291008
5291913
5330398
5291047
5291290
5291016
5290995
5292344
5292293
5291255
5292255
5292208
5292211
5291018
5291032
5293297
5291004
5290987
5290991
5293361
5283556
5292183
5289129
5290993
5291947
5283557
5293169
5292059
5292073
5292347
5292172
5293263
5293384
5289276
5289350
5292142
5292086
5293306
5293284
5293168
5293408
5292164
5292145
5293177
5293161
5293160
5293167
5290667
5290895
5290887
5290720
5293338
5290881
5290941
5290675
5290677
5290742
5290661
5290860
5290188
5290268
5290625
5290645
5290673
5290735
5290646
5290696
5290668
5290679
5290744
5290308
5290671
5290655
5290722
5289284
5289337
5289327
5290272
5290548
5290118
5330414
5330483
5293564
5290320
5330518
5293586
5293537
5293747
5293782
5293390
5293512
5293336
5293445
5290068
5293417
5291889
5290016
5290083
5290100
5330481
5291804
5293528
5293570
5293593
5293423
5290029
5291742
5291838
5291729
5291360
5291711
5293414
5293123
5291379
5291725
5291111
5291158
5292902
5292871
5291340
5293110
5291083
5291629
5291090
5291390
5292854
5292823
5283592
5291127
5291308
5291320
5291333
5291347
5291118
5283594
5291840
5291306
5293058
5293094
5283591
5292852
5289255
5289266
5289324
5292784
5292907
5292546
5292560
5292552
5292757
5292544
5292750
5292571
5292763
5281866
5292527
5292342
5292322
5289357
5292550
5292548
5292672
5289339
5292399
5292513
5292660
5289361
5281865
5330384
5292540
5330386
5330078
5329933
5329956
5292369
5329962
5329977
5329650
5329878
5329581
5329746
5329908
5330218
5329583
5329941
5329825
5329827
5329906
5329562
5329604
5330382
5329683
5329998
5330379
5329787
5322083
5329558
5329831
5306790
5306987
5306973
5306988
5306846
5306889
5307098
5331099
5324343
5322089
5322091
5322095
5330363
5330689
5322108
5322112
5324487
5307094
5329834
5322104
5329679
5324425
5306870
5330365
5324284
5324316
5324331
5322106
5322085
5322110
5299537
5322114
5331100
5330628
5332108
5331352
5330891
5331229
5331225
5331386
5331347
5332175
5332605
5332013
5332091
5332174
5332144
5332584
5331571
5332610
5332603
5332114
5332138
5332197
5332745
5332550
5332525
5332453
5331219
5332494
5332424
5332426
5332433
5332440
5332353
5332359
5332468
5332513
5332520
5332375
5332397
5332422
5332465
5332471
5332184
5332193
5332217
5330357
5332168
5332249
5332326
5330313
5330315
5330981
5330355
5332259
5330603
5330641
5330642
5330196
5330665
5330293
5330800
5330307
5330255
5330311
5330600
5330673
5330667
5330714
5330680
5330702
5330299
5330547
5330585
5330551
5330568
5330589
5330549
5331566
5330575
5330573
5330598
5330587
5330682
5330545
5330594
5331543
5331557
5331550
5331510
5330543
5331539
5331547
5331943
5331504
5331506
5330541
5331514
5331463
5331714
5331459
5331403
5331500
5331131
5331508
5331461
5331662
5331667
5331281
5331712
5331668
5331673
5331675
5331674
5331279
5330971
5330956
5330975
5330902
5330973
5330963
5332028
5332024
5332061
5332034
5332030
5330929
5330961
5330893
5332018
5332078
5332022
5332146
5330895
5332032
5330983
5331039
5332047
5332016
5332020
5332224
5332041
5332307
5332162
5333393
5333467
5332221
5329544
5329552
5331948
5332308
5329554
5329833
5333057
5332816
5332692
5332772
5333549
5333331
5332869
5332778
5332802
5306776
5306779
5306786
5306703
5306784
5306743
5332625
5306705
5302227
5306604
5333270
5333277
5306760
5333561
5306742
5302247
5306602
5302245
5306678
5302215
5302207
5302243
5302200
5302113
5302197
5302111
5302217
5302148
5306754
5302083
5302106
5302101
5324234
5323896
5324207
5324232
5302061
5323392
5323375
5323414
5323007
5324231
5323870
5323364
5323602
5322571
5322615
5323000
5323009
5323344
5302072
5324210
5322616
5323892
5323347
5322536
5324235
5323383
5323088
5322487
5322522
5322523
5305890
5306370
5306021
5306603
5322511
5305341
5305369
5305492
5305381
5305141
5305163
5306070
5322280
5325060
5306040
5325036
5324930
5325051
5305165
5324999
5305228
5305383
5305279
5305171
5305686
5305222
5325072
5325022
5325048
5305676
5305725
5305848
5305880
5305334
5325472
5325108
5322414
5325103
5322160
5322238
5324906
5325202
5322225
5322227
5322232
5322260
5325619
5322154
5322330
5322236
5322242
5322248
5322256
5324841
5325213
5322130
5321790
5325131
5325470
5322246
5322136
5322229
5322234
5322144
5322122
5322124
5322484
5305122
5305123
5324489
5322116
5301963
5322252
5305100
5301889
5301895
5301899
5322146
5302049
5302126
5302045
5301795
5301908
5301932
5322118
5301675
5307586
5307607
5301531
5301497
5307565
5307870
5307496
5296835
5301518
5301632
5301493
5307844
5307488
5301577
5301780
5302037
5307510
5307446
5307395
5307477
5307368
5307370
5307420
5307382
5307386
5307454
5307467
5307254
5307532
5307574
5307583
5307305
5307195
5307178
5307361
5307627
5307212
5307390
5307380
5307401
5307442
5307711
5307444
5307412
5307625
5307429
5307481
5319109
5307123
5307100
5306908
5301426
5301458
5301330
5340714
5340717
5340697
5301480
5301453
5301465
5301402
5340664
5340671
5307183
5340684
5340613
5302589
5302584
5340831
5301340
5340557
5302531
5302544
5302504
5302567
5302432
5302446
5302594
5302561
5302478
5302766
5302607
5302791
5302458
5302469
5302389
5302401
5302383
5302419
5302486
5302764
5302495
5302606
5302456
5302387
5302372
5302526
5302490
5302325
5302318
5302442
5302535
5302337
5302571
5302346
5302477
5302357
5302347
5302497
5302287
5303588
5303616
5303625
5302259
5302289
5302291
5302359
5302301
5302256
5302403
5303848
5303732
5303843
5302310
5303707
5302327
5303607
5303730
5303734
5304684
5303544
5304638
5304872
5304673
5304671
5304604
5304659
5303416
5303434
5303491
5303484
5304867
5303418
5303557
5303502
5303422
5304675
5304866
5303414
5304594
5303523
5303459
5303345
5303449
5304755
5303469
5303389
5303461
5302732
5303158
5303104
5303156
5303042
5303152
5303343
5303064
5302754
5302781
5302678
5302628
5302649
5302670
5302653
5303150
5302665
5302689
5304662
5302616
5304518
5303154
5302633
5304386
5304410
5302680
5304433
5303827
5304382
5302642
5304697
5304252
5304575
5303857
5304234
5304663
5304574
5303823
5303800
5304013
5303865
5303782
5303972
5304258
5304144
5303971
5303835
5303967
5304034
5304948
5304055
5303790
5303976
5303786
5303905
5301312
5301314
5303748
5304971
5303769
5305007
5305017
5303906
5304772
5304778
5304862
5304901
5304882
5304692
5340452
5340487
5340451
5340409
5304705
5340467
5340424
5303947
5304922
5340488
5340547
5340392
5340447
5340314
5340386
5304721
5336671
5340397
5304711
5304770
5340385
5339429
5308656
5308791
5340114
5308621
5309162
5339054
5308320
5341929
5309163
5308389
5308472
5308263
5308564
5339052
5308510
5337162
5339504
5339374
5341332
5339526
5339498
5339376
5341322
5341403
5339483
5341776
5339381
5339366
5339368
5308963
5341096
5308631
5341360
5341098
5342634
5339364
5339370
5341326
5341420
5309160
5341930
5341918
5341094
5341362
5342475
5342501
5341400
5342590
5342632
5342392
5339362
5340947
5340952
5341789
5339819
5339821
5341663
5339965
5341665
5339358
5339817
5340957
5338214
5339827
5342604
5342407
5339839
5340282
5340932
5342203
5342350
5341720
5342005
5339823
5340937
5339831
5338198
5342363
5338203
5340848
5341610
5341655
5341228
5340906
5340941
5339547
5341104
5341260
5340965
5341128
5341780
5341656
5341346
5341026
5339871
5339878
5339073
5341621
5338210
5340840
5341258
5341112
5337927
5337164
5337152
5338581
5338606
5338652
5338654
5338689
5341124
5341108
5339879
5339227
5340008
5339385
5338703
5338697
5338694
5341114
5339383
5341106
5338705
5338699
5341348
5338953
5339123
5338228
5339314
5341116
5341336
5340942
5341344
5341338
5341334
5341340
5308452
5308442
5308486
5308499
5308061
5308148
5308378
5307922
5308118
5308156
5307813
5319105
5308487
5308575
5308019
5307995
5308124
5319107
5308220
5310481
5310818
5310875
5310063
5308144
5310640
5310814
5310536
5310878
5310195
5310488
5310094
5307799
5311642
5310960
5307822
5312101
5313516
5310645
5308240
5310498
5313436
5313378
5313503
5311180
5313402
5313484
5311008
5313485
5313501
5313007
5313191
5313080
5312163
5312130
5313198
5311084
5313504
5313057
5313054
5312238
5312098
5313391
5313196
5312311
5311256
5310134
5307327
5312201
5313136
5310194
5312334
5313190
5312307
5312066
5313005
5312263
5308198
5310447
5309448
5309840
5312865
5309661
5312002
5312693
5299509
5312012
5309438
5309625
5309563
5309426
5309623
5310015
5312696
5309454
5312033
5309582
5309417
5309132
5309407
5309355
5309142
5309579
5309405
5309359
5312654
5309783
5309412
5309345
5309463
5309144
5312700
5309140
5309341
5309410
5312552
5312569
5308082
5308113
5311782
5312281
5312400
5312278
5311648
5311800
5308083
5312442
5311658
5311674
5308084
5311654
5311662
5312184
5311798
5312193
5311804
5311670
5311784
5311776
5311660
5312480
5311766
5311768
5311770
5311772
5311774
5308619
5308618
5308267
5308312
5311278
5312194
5311284
5308081
5311272
5308314
5308332
5311778
5312610
5312443
5319081
5318175
5318941
5318183
5318160
5318101
5319066
5318136
5318165
5318953
5319335
5315073
5318162
5318171
5311262
5319064
5319074
5318145
5318181
5318167
5319085
5319087
5319089
5319097
5319101
5318158
5311268
5318173
5319076
5319344
5319070
5318140
5319103
5318169
5335091
5318084
5335007
5318922
5335004
5335174
5334671
5334709
5318143
5334999
5335090
5334966
5334972
5334992
5318882
5335098
5335002
5334962
5335164
5334969
5335025
5335204
5318924
5320135
5335032
5334986
5320099
5319969
5319953
5320011
5319943
5319945
5320012
5320033
5321652
5319829
5319901
5319963
5319949
5319947
5321638
5319821
5321660
5321827
5319682
5319684
5319819
5321658
5319678
5319573
5319676
5319579
5321828
5319823
5321662
5319666
5319583
5319662
5319664
5319577
5319494
5319490
5319121
5319563
5319162
5319483
5319111
5321585
5321566
5319569
5319147
5319565
5316568
5321570
5319143
5319158
5319168
5319567
5321634
5319571
5319153
5319160
5319134
5319575
5321572
5321592
5321545
5321291
5321359
5321419
5321233
5321475
5321230
5321072
5321226
5318138
5320876
5320981
5320996
5321493
5319141
5320982
5320854
5320938
5321039
5320800
5320877
5321274
5320776
5320780
5320352
5320384
5320363
5321247
5320781
5320671
5320641
5320383
5320775
5320649
5321225
5320797
5320799
5322445
5318054
5318090
5318088
5318080
5318082
5318893
5322066
5321716
5321693
5321706
5321697
5322011
5321714
5321704
5321883
5321670
5318092
5318867
5321923
5322012
5321882
5334939
5321724
5321929
5321682
5322009
5321872
5334936
5322069
5321684
5334943
5333660
5334813
5334840
5334847
5334825
5334441
5334285
5334267
5333719
5334122
5334356
5334823
5299291
5299427
5299468
5299481
5334120
5333655
5299466
5299281
5299460
5299397
5299462
5336320
5336323
5337900
5334251
5336353
5336299
5336302
5336370
5336355
5335347
5337901
5334372
5335081
5335052
5335010
5334145
5337899
5336284
5337888
5334148
5334400
5335068
5334103
5334728
5333754
5333969
5335420
5334628
5334562
5334716
5333776
5333902
5334650
5334664
5335416
5334652
5334593
5334551
5334334
5334994
5334008
5334637
5334711
5334682
5334679
5333842
5335396
5299484
5299497
5334661
5335401
5335356
5335981
5336018
5335533
5336022
5335366
5336404
5335640
5335611
5335643
5336383
5336020
5337811
5337860
5335529
5336761
5336783
5337895
5335808
5336004
5336372
5335595
5336860
5337176
5336727
5337498
5337723
5336292
5336782
5337722
5336249
5336923
5337495
5335550
5336485
5336369
5336148
5335821
5336001
5336526
5336366
5336003
5335764
5336150
5335361
5335362
5335386
5335465
5335518
5336595
5335766
5335649
5335765
5336424
5335487
5335342
5335749
5335211
5336815
5336830
5336858
5335485
5335481
5336415
5335501
5336962
5336665
5336685
5336696
5336699
5336704
5336722
5336446
5336958
5337129
5336689
5337345
5337046
5336960
5337323
5336747
5337341
5337101
5337089
5336933
5337181
5337363
5337200
5337287
5337204
5337321
5333838
5336951
5337302
5337061
5337385
5334014
5334054
5334080
5337309
5332883
5334137
5334140
5334093
5332884
5333858
5337154
5337192
5337425
5299127
5299259
5299020
5299370
5337427
5299237
5299055
5337429
5299096
5299182
5299206
5299263
5299088
5298543
5299026
5298937
5298679
5299093
5299092
5299188
5298542
5298863
5298550
5298541
5298481
5298514
5298330
5298240
5298247
5298271
5298331
5297944
5298122
5298106
5298487
5298100
7715148
7715396
7715130
7715118
7715120
7715645
7686863
7715400
7715403
7686894
7715117
7686889
5300022
5300103
7715141
7686708
7686895
5300947
5301115
5299893
7686904
7715402
7715484
7686864
7715505
7715504
7686693
7686695
7686786
7686787
7686785
7686820
7715597
7715150
7715619
7715618
7712740
7712612
7712682
7715620
7712625
7712626
7712632
7712643
7712667
7710807
7712669
7712624
7712681
7712623
7710892
7705641
7712596
7715546
7712622
7710884
7705645
7710696
7696360
7710694
7715587
7712668
7710695
7705683
7710794
7705665
7705539
7705562
7705567
7705568
7712602
7705537
7705538
7705526
7702488
7702489
7702742
7705100
7702490
7705535
7702620
7702612
7702468
7705531
7702502
7702519
7702678
7702445
7702492
7686645
7686643
7702433
7702629
7702644
7702553
7702677
7705112
7705117
7702690
7702621
7702743
7702501
7686784
7702522
7686759
7702464
7702670
7702434
7686570
7686376
7686634
7690181
7686649
7686571
7686561
7689990
7690022
7690211
7690260
7690305
7686513
7690174
7690202
7686609
7690244
7686361
7689959
7690187
7690191
7686530
7686556
7690006
7690222
7690286
7690274
7690285
7690145
7686555
7689965
7686554
7686557
7690018
7686753
7686625
7686717
7686633
7686525
7686751
7686715
7693986
5300078
7697707
7697381
5300023
7697943
7697569
5299945
7694127
7694085
7693956
7697947
7694072
7694069
7698001
7697698
7697425
7697387
7697400
7697488
7697525
7697589
7694046
5299836
7693870
7693865
7693873
7693908
7693916
7697490
7697582
7697432
7693872
7697486
7697553
7697945
7693868
7693871
7697540
7715162
7715394
7715393
7712575
7712574
7712563
7715313
7715179
7712578
7712600
7715182
7715160
7711966
7712341
7715220
7712577
7697673
7712576
7712486
7715528
7715312
7715387
7712425
7715221
7712522
7712517
7712573
7712459
7715222
7715360
7715161
7715314
7715258
7715388
7715430
7712485
7712528
7712527
7712516
7710693
7712334
7710692
7710750
7710748
7710719
7710756
7710718
7710615
7710788
7710711
7710722
7710589
7710629
7710684
7705071
7710527
7710579
7705120
7710526
7710525
7710581
7710521
7710616
7705070
7710543
7705011
7710544
7705083
7705041
7710688
7710514
7705042
7710580
7704994
7705010
7702362
7702382
7705023
7702373
7705003
7702265
7705016
7702372
7702297
7686389
7702369
7704966
7705017
7704996
7686497
7702415
7702236
7702416
7702267
7686493
7702310
7702370
7702351
7686390
7689876
7686499
7702461
7704924
7686391
7689927
7702306
7704995
7704885
7704925
7702231
7704932
7702304
7689945
7689905
7689848
7689903
7693855
7689904
7689860
7693862
7689857
7693843
7689790
7689675
7693785
7689900
7689906
7689902
7689794
7689702
7689858
7689705
7689955
7693821
7693816
7689898
7693692
7689853
7693811
7693696
7693597
7693673
7693676
7693686
7689783
7693736
7693583
7693584
7693404
7693449
7693375
7693441
7693642
7693588
7693661
7693616
7693609
7693678
7693497
7693700
7697942
7693376
7693332
7693485
7693772
7693331
7693339
7693276
7697939
7697845
7697846
7697866
7697938
7697836
7697847
7697737
7697810
7697828
7697865
7697821
7697755
7715123
7697751
7697763
7697735
7697817
7697783
7715064
7715027
7697767
7697704
7697818
7697743
7715089
7714217
7697844
7715020
7712310
7715104
7712239
7697734
7712133
7715016
7716595
7718142
7718212
7712220
7712197
7715970
7718141
7715998
7718202
7718143
7714214
7714213
7716115
7716079
7716063
7714273
7712205
7718242
7716077
7718232
7714215
7715995
7715959
7716009
7715990
7715911
7713048
7715991
7715984
7715988
7715989
7715915
7715982
7715986
7715979
7716011
7715883
7716007
7715935
7716010
7715844
7715820
7716008
7715985
7715894
7715843
7715846
7715909
7712238
7712291
7712298
7716596
7716585
7715822
7713983
7715871
7712315
7712317
7715706
7712237
7715715
7716613
7715683
7715697
7715774
7715773
7715673
7715704
7716643
7715686
7715904
7715666
7715685
7715670
7716721
7716720
7716649
7716567
7716563
7716724
7716675
7716564
7716569
7717968
7717990
7716674
7718009
7716550
7716549
7716491
7716277
7718010
7718013
7718014
7718055
7718084
7716694
7716580
7717948
7716460
7716459
7716581
7716413
7716432
7718099
7718100
7716644
7716435
7716403
7718044
7716468
7716479
7717975
7718078
7716433
7716428
7716136
7716287
7716137
7717924
7716188
7716203
7716668
7716279
7716339
7716198
7717906
7716242
7716379
7716286
7716135
7717925
7717907
7717897
7717861
7716293
7717947
7716352
7715001
7717922
7716292
7717697
7717749
7717844
7717584
7717616
7717657
7717676
7716107
7717678
7717814
7717677
7717816
7717923
7717714
7717675
7717429
7717536
7717426
7717545
7717843
7717805
7717570
7717653
7714597
7714604
7714566
7714603
7714920
7714567
7714858
7714307
7714315
7714902
7714271
7714923
7714324
7714343
7714203
7714298
7714376
7714254
7714745
7714310
7714321
7714238
7714293
7714205
7714325
7714222
7714326
7714414
7714344
7714161
7714389
7714199
7714210
7714132
7713973
7714144
7714180
7714118
7714177
7714080
7714039
7714020
7713921
7714023
7713951
7713854
7713885
7714139
7713907
7713980
7713949
7713950
7713855
7714596
7714519
7714207
7713872
7714257
7714017
7713861
7713805
7713905
7713786
7713822
7713808
7713745
7714828
7713952
7714561
7713776
7714752
7714617
7714754
7714834
7714443
7714442
7714441
7714620
7717542
7714751
7714439
7716586
7717608
7717611
7717699
7717544
7714731
7714548
7714626
7714440
7714724
7714750
7714371
7714497
7714498
7714499
7714520
7714319
7714317
7714521
7714543
7710509
7710316
7710405
7710462
7710232
7710513
7712995
7712907
7709004
7712924
7713000
7713705
7712996
7711349
7713721
7713708
7713003
7712994
7710434
7710273
7713707
7710472
7710528
7710482
7710494
7713004
7710411
7713660
7713704
7713763
7710496
7710394
7712900
7714522
7713752
7713706
7713658
7713641
7713659
7713621
7713774
7713122
7713134
7713138
7713135
7713123
7713121
7713089
7713127
7713116
7713056
7712999
7713012
7713041
7713014
7713054
7713560
7713085
7713042
7711348
7713512
7713072
7713035
7713178
7713057
7712890
7713465
7713543
7713105
7713591
7713043
7712475
7712880
7713550
7713055
7713115
7713548
7713432
7712858
7713472
7712474
7713336
7713377
7713335
7713226
7713369
7713451
7713358
7713356
7713353
7713549
7712473
7712791
7712730
7713458
7713357
7713385
7713382
7712753
7712649
7712650
7712651
7712679
7713318
7713289
7712678
7713383
7713282
7713162
7713165
7713253
7713259
7713408
7704844
7704861
7704793
7704859
7704818
7704794
7713158
7711933
7711520
7711429
7711522
7711430
7704843
7704814
7711956
7704791
7711417
7711847
7711814
7706409
7711893
7711899
7711448
7711935
7711898
7704860
7711521
7711943
7711946
7711947
7711416
7711917
7711791
7711897
7711716
7711691
7711790
7711717
7713166
7711683
7711672
7711652
7711706
7711538
7711690
7711625
7711468
7711682
7711566
7711623
7711610
7711613
7711593
7711812
7711591
7711617
7711596
7711424
7711592
7711631
7711632
7711616
7711636
7711644
7711626
7711548
7711633
7711624
7711423
7709021
7711411
7709974
7708947
7709965
7709984
7709202
7708914
7709207
7708868
7708881
7708962
7708938
7709020
7708980
7708937
7711410
7709987
7709980
7709975
7708924
7708891
7709283
7713167
7704845
7708876
7713161
7708915
7708963
7709964
7711292
7709945
7709902
7711374
7711232
7709963
7709199
7710921
7711475
7711104
7711530
7710901
7710900
7711474
7711473
7711120
7711099
7709906
7711290
7710922
7711385
7709880
7709968
7709885
7709969
7711154
7711158
7710899
7708545
7711384
7708942
7711019
7708931
7711022
7708698
7708833
7710935
7711383
7711067
7710933
7708764
7711064
7710996
7708941
7708519
7708608
7711026
7710934
7708899
7710936
7708531
7710949
7710960
7708803
7708702
7708496
7708638
7708763
7708492
7711908
7708493
7708648
7711910
7711912
7712130
7708443
7708459
7709361
7709368
7711973
7708649
7712090
7712057
7708475
7708633
7711985
7709477
7709334
7711982
7709356
7709124
7709230
7709185
7709228
7709229
7709409
7709186
7709474
7711990
7709131
7709084
7709404
7709073
7709328
7709074
7709085
7709182
7709117
7709360
7709148
7709001
7709010
7709090
7709216
7697650
7709107
7709060
7711983
7709159
7709091
7709116
7709029
7709833
7709848
7709840
7709849
7709759
7709800
7709773
7709776
7709012
7709839
7709695
7709801
7709862
7709696
7709628
7709544
7709662
7709714
7709730
7709689
7709727
7709721
7709694
7709525
7709631
7709742
7709226
7709468
7709501
7709554
7709624
7709498
7709530
7708425
7709529
7708444
7708386
7708454
7710252
7710216
7708431
7709958
7708387
7709979
7710015
7708557
7709991
7709992
7708455
7710084
7710214
7710011
7709997
7710002
7709996
7710169
7702276
7704806
7706323
7707934
7705773
7708012
7702274
7707318
7707371
7707391
7705896
7707833
7702228
7706238
7706361
7707257
7707266
7707844
7705180
7705758
7707374
7707900
7705907
7707130
7707221
7706373
7707220
7707209
7707375
7707135
7705996
7706286
7707247
7707057
7706924
7706346
7707110
7706402
7707109
7706347
7707041
7706926
7706895
7703307
7706280
7706893
7706919
7708059
7707054
7706909
7707159
7706908
7705881
7706043
7706856
7706842
7705809
7707817
7705666
7705815
7705880
7705852
7705717
7706857
7705752
7705684
7705777
7705865
7706843
7707821
7707802
7705875
7706226
7707797
7707810
7707800
7708198
7707818
7705816
7707803
7705453
7707747
7708178
7708199
7708233
7708303
7708336
7706833
7707809
7708392
7708210
7707815
7708179
7708127
7707715
7708186
7707683
7708177
7707767
7707599
7707627
7707670
7707651
7707690
7707701
7707541
7707714
7708237
7707596
7707634
7707642
7707646
7707531
7707589
7707590
7707650
7707454
7707484
7707568
7707574
7707585
7704842
7707711
7707586
7707595
7707539
7707428
7707490
7707431
7707398
7707399
7707569
7707519
7703796
7702157
7701552
7702156
7707396
7707377
7707378
7707376
7702140
7701547
7701418
7701527
7701403
7701540
7701488
7701497
7701461
7701473
7708125
7708155
7708120
7708014
7708050
7701472
7701407
7706765
7708098
7706131
7706750
7708002
7708015
7708081
7706106
7706753
7706218
7706752
7706185
7706141
7708146
7706027
7706118
7706080
7705397
7705204
7706038
7705341
7705241
7706061
7705344
7705375
7705224
7705440
7705272
7706037
7705380
7705445
7706751
7705324
7702187
7702275
7706036
7705174
7705269
7705207
7705429
7706760
7706787
7706829
7705162
7705221
7705169
7705299
7706656
7706756
7706678
7706704
7706785
7706681
7706698
7706655
7706761
7706688
7706687
7706694
7706612
7706677
7706550
7706619
7706063
7706758
7706591
7706613
7706598
7706542
7706516
7706517
7706544
7706479
7706395
7706376
7706510
7706521
7702838
7706476
7689736
7703361
7706468
7703340
7703341
7703377
7687453
7687409
7687321
7687555
7687434
7687538
7687475
7689750
7703350
7687425
7689674
7687944
7687866
7689061
7687951
7689088
7689073
7689068
7689186
7688860
7687783
7688951
7689060
7689184
7687950
7688979
7689039
7689057
7688980
7688948
7687415
7689059
7688972
7688978
7687462
7687440
7687463
7688982
7687713
7689058
7688962
7689056
7688874
7688895
7688903
7688911
7688976
7688855
7687712
7703261
7688789
7688858
7686429
7688801
7688865
7688879
7688788
7688771
7688859
7688881
7688690
7688727
7688769
7688721
7688795
7688830
7688772
7688869
7687884
7688796
7688728
7688744
7688852
7688819
7688797
7687837
7687745
7687768
7688608
7688249
7688226
7687771
7687774
7687770
7688126
7688564
7688602
7688552
7688193
7688509
7688253
7688367
7688629
7687292
7688554
7687803
7687293
7687860
7688236
7688194
7687707
7688547
7688232
7688287
7688225
7688478
7688387
7688422
7688390
7688452
7688299
7688301
7688421
7688389
7688404
7688426
7688484
7688542
7688310
7688332
7688129
7688007
7687971
7688090
7688534
7688441
7688304
7688308
7688089
7688473
7688329
7688030
7687969
7689372
7689414
7688110
7689393
7689416
7689342
7689325
7689340
7689292
7689394
7689377
7689349
7689409
7689109
7689241
7689449
7689453
7689244
7689328
7689361
7689270
7703367
7689293
7689229
7689108
7689132
7688091
7689209
7689242
7689208
7689385
7687575
7689200
7687634
7687539
7689202
7687626
7687290
7687191
7688689
7687233
7688731
7688538
7687173
7687159
7687131
7687031
7687039
7687048
7687132
7687220
7687572
7687597
7687171
7687047
7687133
7687030
7687046
7687045
7687158
7686969
7687028
7687029
7687155
7687676
7689442
7688704
7686939
7686960
7686891
7686945
7689564
7689629
7689630
7688699
7686967
7688701
7689474
7689559
7689565
7686946
7688702
7688705
7688703
7689459
7688700
7687901
7687909
7703991
7704384
7704401
7703918
7704386
7704011
7703995
7704378
7701666
7701668
7687900
7704380
7704394
7704396
7688116
7703274
7703258
7688054
7687892
7704445
7687905
7701692
7701694
7703199
7703241
7701670
7688065
7704382
7703994
7686343
7686354
7686446
7686382
7686388
7704012
7703189
7701644
7701592
7701667
7701605
7701583
7701582
7692491
7703108
7703112
7702978
7701628
7703157
7703246
7701645
7701569
7701591
7701627
7701607
7701590
7703172
7703147
7692492
7703182
7701581
7703185
7704674
7701555
7704778
7703181
7701566
7704743
7704675
7703164
7703255
7704770
7704682
7703044
7703160
7702924
7703132
7702843
7702842
7703022
7702861
7702998
7703877
7702844
7703162
7702963
7702895
7702653
7702714
7703034
7703909
7702833
7703878
7703010
7702824
7702875
7702801
7702837
7703873
7703917
7703894
7702650
7703829
7703851
7703813
7703824
7703665
7703668
7703616
7703627
7703770
7703645
7703503
7703771
7703798
7703494
7703545
7703409
7702784
7703582
7703589
7703751
7702967
7703622
7703663
7703538
7703595
7703684
7703592
7703373
7703444
7703498
7703354
7703596
7703515
7703417
7703602
7703425
7704321
7704316
7704318
7703464
7704376
7703372
7703449
7704319
7704364
7704354
7704358
7704315
7704317
7704336
7704366
7704356
7704362
7704349
7704304
7704355
7704333
7704347
7704311
7704345
7704182
7704109
7704125
7704126
7704180
7704305
7704328
7704198
7704258
7704144
7704297
7704181
7704306
7704152
7704044
7704571
7704038
7704104
7704558
7704642
7704153
7704033
7704550
7704549
7704059
7704547
7704542
7704543
7704545
7704546
7704541
7704504
7704512
7704526
7704519
7704496
7704514
7704548
7704466
7701401
7704464
7704434
7700815
7701358
7706467
7700808
7701326
7701288
7704465
7701396
7701330
7701392
7701209
7701208
7701270
7701265
7701260
7701213
7702086
7701097
7701177
7702134
7701296
7701320
7701190
7701279
7707828
7701988
7707822
7702022
7701970
7702049
7701945
7701907
7701817
7701965
7702058
7701997
7702021
7701886
7701992
7701966
7701742
7701711
7701797
7701785
7701726
7701712
7701700
7701906
7701905
7701176
7701786
7701702
7690954
7690929
7692905
7690928
7690884
7698705
7701756
7692921
7698777
7700727
7690477
7692926
7700726
7692866
7698774
7698824
7692944
7692940
7698780
7694769
7694768
7694767
7698768
7700758
7700753
7694775
7691764
7694539
7694741
7694532
7694517
7694525
7694448
7694449
7694766
7694723
7694718
7694675
7698693
7698781
7694552
7694674
7694497
7694533
7694435
7694678
7694697
7694641
7694442
7694330
7694439
7694281
7694441
7694443
7694434
7694262
7694221
7694427
7694319
7694171
7694236
7694421
7694304
7694209
7694385
7691763
7694300
7694275
7694315
7694231
7694147
7694308
7698625
7698622
7698650
7694187
7698617
7698618
7698620
7694261
7698613
7698508
7698509
7698442
7698432
7698630
7694164
7698418
7698657
7698610
7698413
7698266
7698406
7697350
7698363
7699829
7699698
7699649
7699697
7699704
7699769
7699775
7698408
7699808
7699741
7699389
7699211
7699613
7699759
7699195
7699185
7699650
7699181
7699229
7699173
7699214
7699184
7696786
7696806
7696807
7696838
7696847
7699605
7696823
7696086
7696837
7699601
7699124
7697618
7699232
7696777
7700680
7700595
7700583
7696541
7700717
7696556
7700676
7696596
7700664
7696752
7697349
7698201
7697348
7698203
7700721
7698152
7698108
7698229
7700552
7698340
7698206
5300926
7697710
7698121
7698158
7698024
7698139
7698050
7698228
7698089
7698020
7698115
7698018
7697706
7697976
7698279
7697952
7700903
7698853
7698523
7698974
7699323
7700973
7698561
7698391
7700970
7700928
7697374
7700936
7699130
7698882
7699154
7699153
7699594
7700904
7700937
7698934
7698902
7699105
7698913
7699161
7698858
7700948
7698881
7698962
7698571
7698517
7698481
7698492
7698914
7696534
7698807
7698560
7698489
7698857
7696535
7698480
7696472
7698553
7696449
7698801
7698486
7698477
7696433
7696492
7696396
7696504
7696506
7696391
7696414
7696306
7696386
7696422
7696435
7696417
7696341
7696378
7696336
7696337
7696403
7696301
7696405
7696300
7696133
7696206
7696385
7696290
7696189
7696247
7696252
7692282
7696096
7695839
7700460
7700456
7700449
7696217
7696232
7695838
7700458
7700391
7700412
7700422
7700423
7699055
7695840
7700344
7700424
7699718
7700229
7699077
7699013
7700312
7700298
7699003
7700322
7700316
7699014
7700419
7699712
7699711
7699365
7699636
7699088
7700230
7699104
7699633
7699662
7699713
7699635
7699470
7699620
7696108
7696060
7696022
7696001
7695995
7695954
7695221
7695254
7695290
7695223
7695119
7695516
7695506
7695939
7696057
7695961
7695278
7695325
7699634
7695837
7695118
7699622
7695502
7695475
7695476
7695484
7687813
7695487
7695941
7695299
7695348
7695898
7695994
7695492
7696107
7695501
7695993
7695793
7695828
7695821
7695848
7695849
7695955
7695940
7695812
7692731
7692516
7695778
7692580
7695797
7695852
7692740
7692737
7695782
7695808
7692509
7695854
7695937
7692515
7695741
7696039
7695727
7695728
5300921
7692517
5300890
7692578
7696562
7695470
7700073
7695780
7700025
7700158
7700135
7700089
7699891
7700147
7700053
7699993
7692505
7700146
7700118
7700075
7700058
7699944
7699945
7699414
7699428
7695367
7700145
7699904
7699954
7699429
7697714
7699330
7699413
7699390
7699496
7700859
7700864
7700866
7700907
7699406
7699412
7699533
7700898
7699277
7699319
7695105
7695024
7700845
7694873
7695067
7695117
7700772
7700812
7699515
7699278
7699357
7699456
7699279
7695101
7699341
7699956
7695074
7700844
7695108
7699274
7699423
7699424
7699408
7695066
7694876
7694893
7694918
7694916
7694777
7694881
7694897
7695724
7694900
7695563
7693060
7695637
7695646
7695651
7694838
7694899
7694776
7694940
7695699
7695535
7694895
7695558
7695556
7694803
7695547
7694969
7694917
7695670
7694983
7695652
7694963
7694996
7695618
7695002
7693047
7693062
7693010
7695687
7693038
7692460
7692544
7692287
7692336
7692485
7693039
7692280
7692546
7693001
7693030
7692393
7692408
7692449
7692484
7692583
7692976
7693013
7692387
7692494
7693048
7692396
7692365
7692360
7692967
7692200
7692242
7680597
7692968
7692983
7692990
7693029
7680598
7692281
7692249
7695414
7695399
7696561
7695371
7697211
7695368
7697202
7697267
7697107
7697123
7697201
7695401
7695464
7697269
7697150
7697059
7697124
7697173
7695380
7697099
7697265
7697234
7697239
7697016
7697172
7697212
7695379
7697018
7697011
7696995
7692861
7692815
7697278
7692827
7697007
7692780
7692857
7692765
7697055
7692851
7692768
7692801
7692841
7692871
7692877
7692891
7692782
7692673
7696985
7692781
7697023
7692679
7692710
7692783
7692874
7692676
7692672
7697008
7696982
7692683
7692645
7692205
7692254
7692697
7692192
7692172
7692098
7692089
7692090
7692253
7690860
7690859
7692644
7692065
7696970
7692202
7692051
7692083
7696962
7692255
7696965
7696968
7696964
7696967
7697272
7696849
7696961
7696963
7696710
7696702
7696739
7696713
7696969
7697276
7696718
7696743
7696735
7690988
7691006
7690987
7696609
7696966
7696748
7697277
7697273
7696712
7691058
7696604
7696606
7690975
7696674
7696594
7696628
7696726
7690985
7691974
7690930
7690970
7691199
7693272
7696583
7691902
7691824
7691879
7692059
7690974
7691905
7691919
7691940
7691973
7691880
7691382
7690972
7691893
7690978
7691906
7690950
7692812
7692813
7693247
7693214
7693225
7691817
7693227
7690964
7691473
7690848
7691464
7691435
7693250
7691459
7690499
7690635
7690532
7690533
7690560
7690897
7691460
7691428
7690852
7690556
7690524
7690484
7690465
7690531
7690577
7690640
7690631
7690552
7690853
7690416
7690611
7690659
7690468
7690462
7690551
7690338
7691848
7691793
7689819
7690424
7690323
7690448
7690710
7691766
7691587
7691698
7691803
7691847
7691708
7691849
7691797
7691608
7691173
7691702
7691771
7691786
7691808
7691610
7691805
7691761
7690369
7690434
7691640
7691658
7691648
7691609
7691188
7691146
7689757
7691306
7691125
7691313
7691387
7691277
7691251
7691370
7691007
7689983
7691018
7691412
7691013
7691023
7691444
7691404
7691207
7691224
7691093
7693275
7693260
7691014
7691071
7691226
7693284
7691022
7693190
7691073
7691026
7691308
7691326
7691284
7693259
7693285
7691445
7691425
7689708
7689709
7689713
7693155
7693213
7692890
7693112
7693122
7692887
7693115
7692470
5300843
5300837
5301099
5300868
5292029
5300894
7693140
7691566
7693109
5294706
7693298
5300741
7693117
7693320
7693129
5300897
5301087
7692888
5301005
5300856
5300829
5300743
5294705
5300440
5300441
5300534
5300701
5300388
5300393
5300739
5300406
5301046
5301048
5301262
5300139
5301278
5300223
5300272
5300293
5301055
5301174
5301038
5299624
5299630
5300115
5301044
5301042
5301040
5301113
5301135
5301194
5301063
5300134
5300405
5300228
5299840
5301036
5299790
5299597
5301215
5298233
5299855
5300140
7683730
7611507
7683732
5301034
7683758
7683771
7683772
7683731
7683762
7611412
7611413
7652299
7651770
7651773
7651772
7628157
7628142
7628094
7627723
7610669
7628153
7628109
7628073
7651749
7652275
7627691
7628125
7628152
7628122
7652298
7628197
7652166
7628078
7628092
7627707
7628001
7627979
7628020
7627804
7649521
7627822
7627709
7627895
7627929
7627918
7627660
7627899
7627998
7628019
7627883
7627908
7652246
7627657
7627928
7627930
7627909
7627809
7627952
7627889
7627801
7627799
7649508
7610612
7627960
7611364
7627743
7683689
7627898
7627831
7627666
7610677
7627559
7610685
7627710
7627398
7627494
7611449
7627240
7632698
7611477
7632443
7632598
7632537
7632539
7632535
7631551
7628848
7628924
7628813
7632442
7631590
7631502
7631520
7631500
7631498
7631568
7631511
7631541
7631524
7632494
7631479
7630104
7631406
7631434
7631591
7631458
7631561
7631454
7630052
7630057
7631444
7631424
7632541
7631482
7630041
7630051
7630005
7630004
7630009
7630047
7629951
7629999
7630003
7629844
7629820
7629365
7629372
7629374
7629458
7628725
7629943
7629910
7628855
7628859
7629930
7628850
7628992
7629194
7629949
7629813
7629329
7629335
7629967
7631449
7629330
7629945
7629947
7630224
7628860
7629413
7630238
7630251
7630146
7630223
7630145
7630240
7630214
7630906
7630923
7630924
7630865
7631298
7631312
7631378
7631261
7631294
7631400
7631386
7630955
7630888
7629269
7631311
7631282
7630826
7631392
7631260
7630814
7631283
7631284
7631198
7631217
7631399
7630807
7631398
7631279
7631343
7631349
7631276
7627239
7631192
7631193
7627475
7631175
7631139
7627453
7631116
7628160
7631151
7631058
7631054
7631060
7631059
7631061
7631062
7631039
7631097
7628598
7630149
7628477
7627313
7631180
7627463
7631037
7631053
7631079
7627336
7627286
7627297
7631160
7631096
7631172
7627381
7627308
7631169
7630981
7630964
7628698
7628743
7628635
7628588
7628637
7628547
7628355
7628548
7628668
7628515
7628628
7628467
7630982
7628513
7628400
7628636
7628528
7628518
7628431
7628536
7628690
7628617
7628529
7628706
7628652
7628679
7628391
7628307
7628481
7628348
7628401
7628522
7628267
7628229
7628443
7628261
7628216
7629179
7628212
7628257
7628204
7629316
7629166
7629236
7629233
7629392
7629250
7629084
7629066
7629349
7603946
7629118
7629052
7629094
7603941
7624607
7629125
7629350
7629065
7628162
7629348
7629317
7629104
7603944
7623716
7629251
7629108
7623721
7629072
7629053
7629171
7628234
7628994
7628984
7628995
7630156
7628985
7628947
7629889
7629725
7628920
7629007
7628955
7630158
7630194
7629743
7629772
7629767
7629771
7629768
7629770
7630157
7629866
7628938
7629006
7628893
7629494
7630213
7629609
7629608
7629688
7629769
7629574
7629578
7629694
7629643
7629644
7629584
7629806
7629579
7629598
7629618
7629583
7630791
7629604
7629624
7629600
7629630
7629669
7630793
7629493
7630787
7629544
7629586
7629599
7629390
7630758
7630792
7630743
7630695
7630666
7630757
7630465
7630419
7630537
7630544
7630567
7630632
7630688
7630669
7630474
7630697
7630424
7630417
7630696
7630494
7630425
7630457
7630543
7630431
7630448
7630309
7630276
7630418
7630271
7632533
7630362
7652030
7652163
7652164
7652165
7632461
7611442
7630447
7630286
7630404
7651991
7630270
7652027
7652011
7683761
7630297
7652026
7632435
7652010
7632262
7652007
7650485
7651909
7651934
7652150
7632434
7651788
7651885
7651848
7630444
7632449
7632282
7632287
7632393
7632223
7632256
7632394
7632195
7632154
7632161
7632283
7632148
7632166
7632135
7632217
7632255
7632140
7632134
7651739
7632130
7632253
7632218
7632124
7632149
7651713
7651727
7651664
7651704
7651725
7683677
7651740
7651731
7651663
7651738
7651678
7651669
7651680
7632047
7632129
7651591
7651618
7632080
7651679
7631905
7631227
7651600
7631915
7631941
7631866
7631222
7652807
7652725
7652882
7652877
7652941
7631894
7652806
7652935
7652738
7631916
7631868
7652815
7653776
7652880
7652881
7652772
7652934
7652859
7652867
7653728
7652808
7652860
7653534
7653754
7652809
7653600
7653604
7653755
7653538
7653530
7654300
7653495
7653531
7653578
7653598
7654200
7654208
7654291
7654192
7654202
7654426
7654207
7654191
7650789
7652712
7654199
7652672
7652659
7652678
7652555
7652654
7652629
7650833
7654280
7654177
7654179
7652507
7652500
7652464
7652649
7652432
7652445
7653486
7652479
7652467
7652346
7652331
7650925
7652323
7652416
7652610
7652440
7652420
7652478
7652330
7653459
7652285
7653471
7652433
7653451
7653472
7652318
7652401
7653448
7652408
7653339
7653360
7653279
7654234
7654272
7653066
7653067
7653249
7653377
7652974
7652976
7653019
7653047
7653068
7654271
7653100
7653132
7653361
7653346
7651715
7654173
7654245
7653057
7653136
7639055
7653158
7653162
7653201
7653396
7653330
7654236
7654162
7654233
7653069
7653212
7653101
7653163
7654158
7652975
7654163
7654164
7654082
7654083
7654136
7654105
7654125
7654139
7654112
7654154
7654155
7653883
7654013
7654020
7653850
7654140
7653901
7651547
7653865
7654026
7653864
7654071
7651551
7652544
7653866
7654016
7654393
7651497
7651515
7653902
7651567
7653859
7653888
7652642
7651528
7651594
7651602
7651617
7651676
7653812
7654471
7654072
7651563
7653885
7654359
7654361
7651677
7651590
7654455
7654452
7654454
7654427
7631825
7649436
7633975
7633631
7649378
7649451
7654453
7649459
7607699
7648811
7649454
7607697
7649462
7649385
7649455
7633832
7633614
7633998
7633822
7633999
7649422
7633963
7649460
7635811
7635820
7635841
7633974
7633926
7635705
7635798
7635827
7635837
7635844
7635736
7635746
7635839
7632266
7635829
7635835
7635761
7635670
7634701
7635689
7634740
7634497
7634567
7634618
7634619
7635760
7634741
7635683
7633889
7634739
7634486
7634614
7634667
7634604
7634597
7634603
7633154
7633151
7634398
7634405
7634424
7634588
7633209
7635362
7633143
7635369
7635370
7633086
7633116
7633142
7634593
7635227
7635371
7633084
7633134
7633126
7635666
7635300
7635229
7635224
7635251
7635250
7635622
7635610
7635181
7631853
7635646
7635283
7635665
7634991
7635274
7635123
7635474
7635400
7635380
7635431
7633358
7633605
7635378
7635280
7635377
7635499
7635519
7633033
7633316
7633382
7633608
7635114
7635223
7635278
7649447
7649471
7635379
7632548
7635440
7633019
7633772
7633546
7632902
7632702
7632828
7632983
7633014
7632881
7632832
7632833
7632701
7632827
7632660
7632743
7632746
7632744
7633764
7632882
7632817
7632663
7632793
7632797
7632637
7632892
7632922
7632788
7634155
7634261
7634002
7634520
7632606
7632639
7635882
7632605
7634383
7635864
7632796
7634384
7632795
7634317
7634105
7634276
7634235
7635913
7632638
7635873
7635888
7632604
7634306
7632479
7634316
7632776
7632774
7634289
7634195
7649485
7635846
7634222
7634160
7634179
7627227
7634283
7633981
7633942
7633918
7634056
7634161
7634022
7634127
7633106
7634025
7633950
7633105
7633064
7634054
7633103
7633941
7633080
7634055
7632957
7635042
7635061
7632942
7635055
7635087
7635012
7633065
7635135
7635060
7634982
7635076
7632912
7634987
7634864
7635075
7635072
7634911
7634809
7634810
7634811
7634816
7634880
7635056
7634819
7634856
7633733
7634690
7634691
7634788
7634998
7634994
7634995
7634828
7633672
7633726
7633738
7633737
7633671
7628767
7634721
7633694
7634784
7628766
7633652
7633720
7633400
7633404
7649486
7633467
7633502
7633505
7631779
7631798
7631746
7631815
7633468
7649472
7633334
7633333
7631807
7633201
7633250
7631745
7633473
7631820
7631808
7633304
7633311
7633301
7633303
7649482
7631689
7633330
7649473
7633504
7631670
7607667
7607768
7607710
7620988
7607765
7607757
7607669
7621068
7620849
7621057
7607746
7621101
7621311
7607772
7621389
7607727
7621007
7607674
7620970
7621065
7607673
7620969
7640534
7638689
7621388
7621351
7620942
7640533
7640370
7640360
7640327
7640519
7640362
7640358
7615051
7614773
7615156
7614868
7644467
7614869
7644413
7644521
7644447
7644451
7615013
7614910
7614948
7640532
7614718
7644440
7620850
7614813
7614987
7644446
7614690
7644495
7644503
7640259
7647201
7644512
7640274
7640321
7644494
7647186
7647219
7614837
7647176
7647135
7647099
7647094
7647164
7647047
7646931
7646927
7636822
7646955
7636727
7636716
7636815
7646930
7647163
7647025
7646929
7646876
7647058
7636707
7636531
7636538
7636614
7636657
7636741
7636590
7636828
7617663
7617661
7617654
7617707
7617705
7617693
7636530
7617706
7617685
7636724
7636579
7613328
7617524
7617667
7617659
7617450
7617666
7617591
7617511
7610611
7610573
7649391
7649377
7649268
7649359
7617525
7649260
7649353
7649325
7617604
7649191
7649244
7649222
7646752
7649171
7649354
7649320
7649173
7649134
7649223
7649206
7649133
7648969
7649186
7649078
7649185
7649053
7649192
7607490
7649121
7607528
7607538
7648950
7607537
7650310
7648570
7649069
7650195
7650226
7650712
7650731
7650223
7648700
7607499
7650666
7607437
7650736
7607530
7650396
7650730
7650724
7650580
7650550
7650549
7648571
7650650
7648701
7650532
7650677
7650446
7650475
7650583
7650464
7650432
7650466
7650477
7650433
7650355
7650397
7650391
7650393
7650531
7650449
7650408
7650514
7650441
7650409
7650337
7650427
7650424
7650452
7650394
7650420
7650402
7648895
7607539
7650410
7650428
7650423
7650327
7607558
7607579
7607591
7650390
7607491
7650429
7650419
7607650
7650324
7650149
7650146
7650020
7650016
7650014
7650007
7650076
7650164
7650145
7650127
7650403
7649982
7649956
7650037
7650038
7648506
7650093
7650126
7650015
7650413
7650303
7650335
7650017
7650019
7649970
7649978
7649961
7649975
7649565
7649507
7649584
7649622
7649950
7648019
7649939
7651339
7651308
7651366
7651298
7651403
7651417
7651436
7651459
7649940
7649583
7649522
7649529
7651333
7651410
7649623
7651365
7649570
7649561
7649564
7651302
7649524
7651272
7651178
7650770
7650983
7650982
7650856
7651124
7651126
7651011
7650991
7650821
7649255
7650970
7651190
7650818
7651170
7650866
7651127
7651278
7651146
7651210
7650756
7651087
7649643
7651171
7651031
7651145
7649258
7650771
7650867
7649938
7649823
7651166
7650949
7651220
7650755
7641643
7650929
7651147
7651222
7648916
7648935
7648740
7648771
7648933
7648856
7648858
7649792
7649896
7649781
7649661
7651471
7649440
7649901
7649724
7649739
7648741
7649876
7649814
7648718
7649839
7649647
7649732
7647489
7649790
7649791
7649918
7649930
7648720
7649838
7649684
7649731
7649786
7651460
7649683
7649682
7649718
7607405
7649674
7607424
7649657
7649630
7607190
7607275
7607381
7607283
7607188
7607189
7607191
7607279
7607253
7607192
7607291
7607186
7607215
7608482
7608501
7608502
7608481
7606705
7608459
7610245
7610239
7610299
7610290
7608433
7606683
7606798
7606813
7606899
7606891
7606834
7606833
7606894
7606898
7606734
7606787
7606732
7606737
7606733
7606694
7606801
7606887
7610300
7606788
7606715
7606786
7606793
7606785
7608959
7608989
7608958
7609065
7609068
7609037
7606791
7608829
7608916
7609018
7606720
7606719
7608955
7606902
7609185
7609114
7609126
7609144
7609173
7609095
7609098
7609100
7606753
7606767
7606714
7609067
7608853
7608990
7620769
7620893
7608988
7608919
7608936
7608942
7608941
7608956
7609066
7620774
7609108
7610278
7610269
7608852
7608587
7610284
7610250
7608841
7608879
7608873
7608769
7608859
7608586
7610251
7610224
7608582
7608752
7608743
7608746
7608689
7608749
7610223
7608512
7608825
7609567
7609556
7608528
7609299
7608838
7608510
7607245
7609554
7609544
7607185
7609292
7609491
7609223
7609361
7609464
7609235
7609252
7608511
7609109
7609366
7609331
7607249
7609932
7609933
7610216
7609212
7609974
7597672
7609893
7609856
7609147
7609163
7608815
7609904
7609903
7609700
7609885
7606544
7609966
7597671
7609982
7610022
7608816
7609998
7609837
7609672
7607140
7610099
7610132
7606543
7606540
7609184
7608813
7609662
7607187
7620905
7620909
7610029
7603952
7607119
7607006
7607081
7608542
7608526
7606904
7608536
7608506
7608048
7608214
7607982
7607986
7608242
7608243
7608191
7608274
7608275
7608277
7607981
7606906
7608423
7608412
7608039
7608046
7608344
7608349
7608361
7608289
7608299
7608382
7606974
7608257
7608345
7608022
7608300
7608086
7607974
7608047
7608146
7607954
7608049
7607787
7610514
7607744
7607888
7607899
7607973
7610555
7607953
7607157
7608403
7610470
7610366
7610331
7610332
7610439
7610494
7610497
7610508
7607890
7610337
7610431
7610357
7607955
7607907
7609649
7610534
7607212
7607248
7607247
7607246
7610412
7610410
7610351
7610396
7610380
7610305
7610399
7610411
7620461
7620518
7620713
7620643
7620740
7610398
7620716
7620693
7620678
7620743
7620644
7620606
7620750
7620717
7620831
7610296
7620365
7620519
7620520
7620679
7620344
7620530
7620531
7620532
7620505
7640136
7640205
7623855
7620512
7623901
7640238
7640120
7623984
7640208
7623904
7623983
7623945
7623727
7640028
7623369
7623345
7623386
7640004
7623719
7640251
7623370
7623450
7623344
7623285
7623724
7623213
7623264
7640060
7623244
7623161
7623338
7618903
7623235
7623237
7623095
7623368
7623089
7623158
7622987
7618904
7623233
7623181
7622985
7623367
7623250
7623102
7623189
7623236
7622984
7623243
7623116
7623180
7623028
7622967
7622968
7622970
7622906
7623144
7623164
7622841
7622934
7622526
7623777
7622580
7622672
7622643
7623778
7622854
7621124
7622027
7622853
7623007
7622684
7621920
7622077
7621865
7623779
7622550
7622620
7622642
7622914
7622969
7621995
7621917
7622957
7622664
7623550
7623740
7622775
7622004
7622654
7620544
7620528
7620527
7622771
7622073
7621869
7621793
7621769
7621914
7621813
7621782
7621662
7621670
7623548
7621611
7621616
7620395
7621461
7623549
7621792
7621713
7623839
7623847
7622679
7623547
7623790
7621474
7623766
7623789
7623845
7622612
7623846
7623809
7623652
7622101
7623725
7621587
7621588
7620514
7623748
7623733
7623646
7623720
7640239
7620529
7623697
7621317
7623610
7620360
7623644
7621315
7621316
7623803
7620192
7620191
7620388
7623407
7620109
7620146
7620357
7620148
7620179
7623713
7620356
7623746
7623465
7620107
7620116
7620279
7620301
7620106
7620260
7620209
7620211
7622762
7620137
7622765
7622749
7622764
7622746
7622680
7622813
7622589
7622594
7619989
7620083
7620057
7622586
7619958
7622628
7622738
7622600
7619994
7622629
7622814
7622587
7622769
7622595
7619992
7619967
7619945
7640256
7622442
7619925
7622562
7622411
7622495
7622164
7622418
7622273
7622362
7620050
7622509
7620026
7622473
7622494
7622266
7622302
7622359
7619905
7619930
7619901
7622384
7621366
7619931
7619946
7620810
7622312
7621210
7622381
7622303
7621257
7621297
7621250
7621298
7620470
7622134
7621364
7620974
7620985
7622136
7621397
7621427
7621190
7622135
7621394
7621077
7621365
7614407
7620448
7622105
7620464
7622184
7620304
7620462
7640095
7620423
7640050
7639815
7639857
7639864
7639927
7639821
7639929
7620463
7640103
7639715
7639813
7639928
7639790
7639829
7639705
7639794
7639894
7639830
7639809
7639704
7639643
7639810
7639818
7639909
7639962
7639768
7644013
7644017
7642303
7644020
7640172
7642204
7642304
7642170
7641280
7642161
7641263
7641217
7642171
7644067
7644110
7644028
7642342
7642340
7644033
7644146
7644009
7644094
7643992
7641123
7641237
7644152
7641166
7642158
7644150
7642159
7641193
7642302
7642160
7644090
7641122
7641116
7641018
7641051
7639647
7641081
7640861
7640976
7640979
7640957
7640950
7640906
7640820
7640844
7640862
7640956
7629955
7641798
7640847
7641799
7641734
7636470
7636471
7641737
7641766
7640860
7641637
7641638
7641659
7640796
7641733
7641697
7640819
7641762
7641636
7641629
7640843
7644160
7644185
7644213
7644248
7644264
7644268
7644380
7644382
7644365
7640821
7641722
7644430
7644431
7641673
7641528
7641558
7641572
7640766
7640835
7640767
7641633
7640841
7640887
7640779
7640901
7640765
7640668
7638722
7641476
7640575
7640664
7641689
7640828
7641481
7640591
7640719
7640682
7640643
7640667
7640814
7640622
7641465
7641467
7641440
7641402
7641413
7641459
7641399
7641466
7641452
7641361
7642464
7641264
7641272
7641276
7641401
7641403
7638694
7641411
7640527
7641404
7641300
7641275
7640525
7642514
7641327
7641400
7641347
7641334
7639050
7641271
7642371
7642403
7642355
7640521
7642480
7642441
7640485
7642484
7640336
7640364
7642483
7642472
7640337
7640332
7640257
7642145
7642167
7642263
7642060
7642455
7640365
7640304
7642264
7642157
7642130
7640224
7640289
7642132
7642006
7642013
7642021
7642012
7641916
7641952
7641922
7641992
7642143
7642009
7641945
7641824
7641834
7641858
7641940
7641909
7641765
7641810
7641864
7641878
7642925
7642825
7642826
7642828
7641998
7642866
7642268
7642928
7642880
7642792
7642790
7642749
7642767
7640381
7640181
7642791
7642787
7642750
7642805
7642761
7642806
7642804
7643936
7642746
7642728
7642777
7642689
7642729
7642621
7642738
7642803
7642620
7643918
7643935
7643896
7643881
7642537
7643909
7643870
7643885
7643990
7643991
7642568
7642582
7642583
7644000
7642695
7643796
7643768
7642516
7643769
7642584
7614821
7614796
7614820
7645334
7645420
7614791
7645438
7614809
7614811
7645336
7614673
7614817
7643018
7614802
7614822
7614810
7645249
7614797
7645209
7645224
7643110
7643020
7643002
7643008
7645248
7643109
7642993
7645485
7642972
7642991
7642979
7643000
7642955
7614812
7643022
7642940
7645346
7644894
7645293
7645371
7644945
7645307
7645290
7645343
7644844
7644832
7644893
7645405
7643741
7645317
7645340
7644117
7643667
7643755
7645169
7643584
7645128
7645628
7645658
7645682
7645110
7645122
7645166
7645167
7643699
7643696
7642428
7645322
7643722
7645251
7645460
7645548
7644947
7645547
7645601
7645549
7645046
7645575
7645014
7645572
7645411
7644757
7644779
7644804
7644820
7644828
7645499
7645500
7644822
7644738
7644784
7644747
7644732
7644693
7644735
7644669
7644782
7645423
7644792
7641126
7644689
7644783
7644785
7645527
7644800
7645367
7644824
7644563
7644786
7643558
7645195
7645218
7645208
7644801
7644636
7643274
7643332
7643461
7643581
7644595
7644580
7644596
7644598
7643252
7643569
7644619
7643521
7643555
7643430
7643383
7645217
7644532
7643287
7643429
7643384
7644584
7643052
7643125
7643124
7643143
7614715
7614553
7614614
7643217
7643273
7643225
7643051
7614639
7614596
7614667
7614653
7614628
7614631
7614623
7643241
7614780
7614627
7614536
7643144
7614502
7646873
7614125
7646654
7614111
7614622
7646872
7615872
7646851
7646867
7614105
7614190
7615907
7614615
7615686
7615728
7615945
7615838
7615826
7615553
7614208
7614235
7614234
7615552
7615612
7615613
7614118
7615629
7615727
7615676
7615722
7615581
7614119
7615566
7615846
7615776
7615598
7615563
7615564
7615565
7614140
7614187
7646656
7646875
7615522
7615258
7615443
7615307
7615341
7615344
7615418
7615516
7615513
7646653
7646652
7646850
7615400
7615427
7615394
7615198
7615120
7615396
7615233
7615215
7615260
7615066
7615231
7615115
7615218
7615158
7616479
7614425
7616337
7615119
