2417784
2663649
2105969
2767136
2795138
2812378
2691917
2405104
2132751
2087416
2778832
2792645
2159018
2828649
2192009
2822744
2687875
2650407
2176129
2741183
2707924
2770565
2681102
2777673
2788915
2673946
2154209
2199009
2809261
2795029
2166685
2179625
2114640
2760745
2794520
2687681
2814998
2769212
2832451
2165931
2681310
2689015
2184934
2827249
2124858
2644693
2152003
2165427
2111454
2144599
2741071
2761109
2759882
2803597
2824146
2189406
2111029
2681123
2411675
2419049
2752150
2760111
2685615
2101667
2210765
2201328
2095720
2662347
2230266
2764115
2700107
2791770
2205029
2229666
2646856
2687579
2430986
2809694
2183096
2216088
2746587
2750893
2653041
2128630
2090787
2693208
2142633
2227771
2144029
2813064
2204678
2665361
2125060
2428102
2756674
2669998
2158878
2144463
2698833
2157528
2409375
2779682
2685796
2643762
2182481
2785973
2749271
2766507
2762495
2758141
2757794
2106830
2646109
2413456
2186603
2765097
2681899
2187942
2690472
2135373
2779847
2418161
2782299
2101746
2748835
2413524
2814233
2130875
2175362
2406724
2662814
2786970
2660258
2081021
2767448
2680751
2641374
2205322
2786777
2217568
2146866
2644357
2679024
2776689
2832265
2232488
2430340
2093251
2646732
2207654
2775394
2745970
2697417
2659148
2408900
2214039
2202600
2827832
2757793
2805114
2770329
2401668
2794176
2755018
2174089
2179841
2090758
2235334
2149040
2704988
2231458
2421777
2685029
2224108
2690788
2096684
2803932
2162896
2123915
2641322
2785945
2643848
2178651
2157436
2171826
2210428
2772530
2830840
2133865
2410911
2191283
2109067
2075428
2662107
2682017
2408479
2672984
2204679
2403043
2810735
2752805
2204681
2812176
2688528
2795992
2415136
2824823
2755210
2405381
2691182
2664681
2167447
2766225
2771239
2416455
2821329
2683420
2149129
2665082
2186604
2214953
2199455
2176467
2427991
2831386
2700432
2679991
2402133
2645897
2719316
2757055
2810908
2130799
2804608
2178804
2409992
2212490
2209585
2691799
2207751
2223980
2219964
2181092
2769511
2640570
2091723
2234815
2419937
2778954
2820515
2230052
2716284
2105656
2199185
2419888
2743131
2199890
2784276
2424135
2167402
2218856
2716283
2778327
2834181
2802318
2795551
2695873
2405974
2641750
2680045
2089672
2125975
2410359
2101000
2120453
2423101
2080801
2812979
2670876
2142200
2677653
2739680
2170388
2758814
2690082
2151190
2157857
2157437
2684204
2146475
2110848
2698822
2790856
2655723
2674260
2136419
2180287
2425101
2830753
2151518
2234817
2817743
2767613
2691327
2788749
2747544
2750051
2654056
2829952
2419514
2190448
2768406
2222635
2204892
2173552
2674175
2203073
2409307
2837987
2671088
2777778
2161131
2778710
2690123
2806081
2161504
2751504
2745804
2211169
2410267
2644201
2170739
2196772
2750856
2135325
2155036
2403343
2684971
2151189
2806552
2760115
2677847
2655858
2691180
2753791
2690820
2744927
2680664
2760385
2805892
2762107
2683422
2155458
2796943
2208970
2089079
2100600
2756515
2186349
2077027
2674790
2124246
2673846
2117528
2781209
2685975
2160247
2142727
2232723
2776036
2830450
2756972
2092654
2193774
2683557
2159187
2411912
2809294
2679688
2762100
2106403
2692795
2117868
2810764
2168346
2782989
2430180
2751319
2752152
2668990
2779659
2668590
2742509
2190729
2817744
2087176
2193775
2742627
2187566
2824406
2756047
2424630
2085481
2076853
2688621
2753981
2708023
2176941
2165759
2138331
2745157
2419307
2759046
2684833
2672245
2109510
2682904
2105277
2743612
2642043
2773833
2201884
2785014
2773014
2191384
2647107
2695830
2772616
2769901
2170666
2796059
2680878
2174086
2182425
2662967
2160346
2215943
2683948
2419241
2775984
2798839
2679712
2431431
2821766
2821621
2827056
2192709
2216238
2200825
2737954
2673669
2168010
2676533
2668055
2676978
2777439
2750336
2728706
2772688
2785671
2169431
2821080
2138392
2723554
2181676
2794353
2168585
2695827
2796088
2678269
2683042
2823256
2751047
2799634
2124096
2695831
2224473
2429861
2405681
2147473
2828783
2076381
2208972
2719032
2663974
2741223
2687680
2690725
2659180
2752568
2404418
2202742
2217558
2170166
2091246
2216239
2680256
2413970
2698929
2191177
2097127
2193385
2747527
2690485
2188441
2750403
2124398
2123375
2719371
2420212
2206344
2147332
2693209
2752273
2214420
2774872
2210421
2831753
2214451
2774098
2753344
2190317
2752001
2147129
2165705
2193288
2669908
2792731
2170870
2413455
2415344
2750749
2766331
2726830
2765528
2416326
2771341
2145166
2177754
2776891
2684197
2695318
2681248
2808965
2748063
2663990
2772704
2776876
2815834
2084861
2645143
2779776
2748899
2691323
2201624
2411360
2751498
2184770
2195950
2133069
2751885
2743837
2199396
2743481
2756340
2688167
2686369
2216466
2663689
2779358
2642353
2204680
2104215
2769139
2712826
2665401
2172334
2403845
2754681
2683065
2172022
2674009
2120803
2641740
2798344
2176197
2423718
2805287
2818647
2154553
2787896
2185889
2678271
2752551
2653814
2831865
2808048
2412209
2203748
2764029
2190095
2172023
2207565
2132441
2157645
2750203
2737265
2079345
2827005
2430876
2196682
2737266
2673026
2170663
2138008
2667959
2793743
2765724
2759788
2215673
2690399
2430071
2764637
2643763
2795553
2682587
2686210
2682433
2131929
2160055
2679023
2203437
2089078
2675681
2663393
2230443
2683633
2138955
2145133
2208151
2168447
2675466
2109302
2176380
2184140
2076435
2202636
2090524
2686634
2184139
2800846
2667990
2804181
2153018
2653038
2105822
2680201
2688459
2405390
2816477
2801863
2687748
2202053
2711162
2084799
2755685
2203316
2687948
2676499
2401667
2154256
2695703
2765067
2665887
2087894
2643902
2686530
2778623
2211556
2101675
2648689
2179808
2789268
2670879
2180759
2833762
2229249
2690333
2121343
2681675
2225354
2817215
2820470
2640573
2200246
2787856
2651821
2164091
2833341
2739803
2785080
2680651
2413037
2168516
2117840
2751211
2190159
2646335
2153052
2173043
2651830
2088723
2680200
2415070
2169593
2668056
2109964
2109303
2209276
2211692
2085294
2223364
2788904
2177061
2743494
2640084
2213905
2667928
2147333
2803248
2208153
2703352
2400139
2698823
2659635
2809785
2126034
2181792
2686368
2191385
2762919
2736378
2223695
2829844
2176527
2679689
2675072
2189503
2684852
2745969
2781357
2107067
2191547
2687119
2402403
2674913
2179713
2749888
2144950
2790420
2131896
2407489
2194645
2221720
2759913
2755247
2744251
2133711
2223865
2173110
2748705
2754507
2805677
2143240
2688460
2773656
2788748
2646107
2430174
2081504
2782145
2190692
2421324
2669999
2762916
2668054
2194991
2220264
2144864
2177548
2410437
2122257
2079330
2695317
2138009
2230201
2214482
2735586
2747577
2224645
2668220
2114123
2688644
2749268
2752880
2163448
2177053
2146867
2813263
2814899
2173353
2111040
2793273
2748898
2157744
2678699
2763919
2218623
2707691
2221225
2746472
2668591
2769949
2184768
2103781
2756604
2719706
2169767
2817486
2766987
2205000
2216998
2178528
2425404
2750402
2153416
2149224
2665536
2676401
2809341
2225644
2097697
2168587
2688225
2151603
2685024
2812393
2215093
2743225
2646588
2677113
2686142
2741716
2646668
2219931
2113207
2235792
2682803
2181659
2226603
2666817
2651073
2676106
2777814
2768611
2188148
2168393
2681673
2787503
2762918
2747739
2191733
2693295
2203438
2203103
2829631
2177851
2680046
2743179
2185879
2691326
2432137
2232724
2668221
2432476
2425403
2686143
2222254
2430564
2744393
2752275
2783842
2135621
2140608
2407269
2204894
2746473
2786132
2421081
2768191
2792265
2420652
2105233
2130633
2175146
2707717
2697972
2750472
2672985
2228448
2415117
2131854
2415341
2676535
2750952
2693285
2416806
2185191
2149534
2755207
2752284
2212120
2669214
2129266
2780464
2681259
2412267
2689229
2748534
2648685
2740177
2685522
2752635
2154941
2766901
2684415
2216713
2659653
2646188
2718041
2235060
2814232
2222452
2684393
2147848
2405722
2755974
2688116
2423473
2130201
2791984
2753651
2139548
2417638
2212125
2419513
2419141
2744019
2104665
2125495
2217702
2686987
2410146
2689956
2192453
2755887
2792959
2220107
2223874
2181239
2659149
2178852
2682648
2763416
2428499
2805862
2172703
2829950
2782925
2645929
2187848
2151737
2661737
2400379
2151398
2424873
2671670
2786013
2813137
2690486
2797054
2189498
2754220
2830884
2767137
2641760
2690605
2745468
2123487
2188939
2743740
2189135
2210865
2762632
2655857
2235293
2820927
2759264
2209790
2114007
2085860
2833246
2194161
2644701
2645332
2832417
2794867
2822579
2176629
2756022
2695536
2773552
2646639
2799719
2665081
2746142
2797312
2198104
2670262
2801240
2740000
2127161
2769117
2813892
2188901
2168339
2178799
2748302
2185813
2765096
2128872
2197568
2757119
2779441
2831687
2689740
2688198
2156639
2687441
2766438
2786346
2176464
2649378
2659665
2100909
2222297
2750747
2743068
2089427
2422839
2673240
2159656
2690119
2759307
2142908
2190629
2183443
2193018
2786460
2689540
2747229
2640659
2228326
2158033
2755315
2813546
2681674
2680158
2779999
2663975
2751426
2197342
2676866
2163065
2075247
2199434
2150218
2643760
2760490
2143137
2689263
2123161
2744848
2211654
2659658
2125463
2781053
2677632
2198845
2193574
2816979
2709364
2641488
2813200
2194878
2652248
2676494
2171230
2206554
2231720
2221993
2158458
2206514
2222930
2208152
2100877
2693447
2704002
2827808
2162195
2777594
2210423
2721370
2174016
2774388
2816980
2747530
2756942
2676036
2664686
2674227
2826534
2779390
2122841
2122730
2687876
2756147
2666818
2213829
2216095
2688128
2162149
2794736
2741467
2178150
2698105
2401687
2795396
2682615
2665748
2779943
2176381
2119851
2751427
2755773
2828559
2428403
2804716
2672939
2404954
2801164
2116505
2670375
2176529
2184185
2222133
2431881
2182886
2686299
2197663
2187096
2666862
2423887
2773811
2411260
2805361
2753448
2197945
2231439
2191629
2755888
2171299
2229786
2687801
2741380
2772401
2831336
2833245
2174088
2679233
2078185
2780859
2745631
2152329
2173018
2421179
2175210
2789684
2708514
2145677
2232338
2788359
2230050
2210286
2831041
2180289
2113705
2155750
2193773
2105832
2193755
2403431
2681124
2778232
2219206
2754627
2773637
2422227
2817794
2419200
2192521
2196344
2226403
2784232
2751132
2640906
2756217
2402172
2713017
2422569
2168586
2232818
2235294
2429391
2664748
2773341
2076952
2683975
2719911
2212537
2756218
2739816
2661676
2767246
2174618
2216403
2709019
2740836
2230215
2430101
2652223
2234200
2690450
2757120
2745041
2682678
2204639
2800773
2147128
2754678
2756227
2184352
2669268
2788811
2174940
2744217
2740902
2676502
2745801
2750335
2681903
2125976
2194646
2207799
2689512
2671728
2171384
2208261
2757610
2668219
2683285
2676981
2218972
2728055
2186414
2413801
2159381
2741885
2111611
2112164
2409284
2804430
2404056
2825451
2177753
2178151
2690401
2663991
2168345
2196675
2219013
2135443
2084880
2788753
2666340
2214481
2174353
2205655
2186945
2674914
2780352
2648433
2750404
2230738
2234966
2202282
2406276
2744246
2682320
2411034
2696035
2092561
2222634
2149384
2680301
2815925
2221721
2691416
2683098
2193022
2803140
2175276
2739591
2652314
2758530
2642618
2677114
2171642
2814682
2784504
2773738
2763374
2759349
2741250
2209275
2761221
2403855
2746016
2678309
2196995
2176005
2421671
2430175
2163081
2198926
2759516
2430176
2691044
2223613
2095786
2401866
2679133
2644095
2663992
2668989
2104847
2216926
2182426
2159604
2079089
2213638
2693527
2764327
2199463
2409308
2749635
2208838
2685594
2188386
2420221
2157901
2688475
2207298
2739777
2420987
2218108
2181677
2781729
2743656
2195338
2688986
2178532
2413888
2102662
2104910
2406126
2690630
2809583
2677808
2197570
2159366
2431094
2077942
2755248
2159871
2807045
2813278
2750052
2802897
2075520
2075705
2190316
2759050
2771265
2803006
2827671
2225752
2757325
2645541
2230787
2687747
2166449
2663282
2802050
2765314
2837576
2084118
2167403
2742793
2085206
2779074
2421099
2694401
2159186
2140556
2785336
2782384
2195874
2419199
2698762
2740222
2821293
2180955
2138614
2690125
2186115
2182681
2706742
2203950
2228605
2153413
2667580
2103086
2143651
2128109
2105968
2659664
2752000
2188344
2186656
2777050
2179007
2642339
2799985
2416451
2677690
2765653
2198514
2417865
2405212
2718271
2822602
2156598
2655940
2652843
2185339
2125487
2685532
2224458
2655945
2776907
2687749
2690633
2078082
2704989
2764423
2097604
2699857
2767881
2182343
2193561
2226648
2121466
2707719
2785944
2806263
2642620
2829722
2753976
2088399
2170594
2204034
2820928
2763880
2412319
2213830
2768800
2115647
2172122
2766924
2177752
2182344
2191548
2175035
2675438
2689166
2127201
2766311
2644843
2153020
2651828
2224768
2161949
2766230
2644842
2695094
2401871
2419047
2085173
2688185
2077026
2641318
2120690
2100379
2802239
2122132
2084116
2673342
2165708
2180711
2179194
2225432
2179354
2810654
2697293
2101081
2764431
2169481
2780744
2169945
2188581
2674788
2418785
2189739
2400297
2190449
2132908
2185535
2216252
2688950
2680668
2704767
2790290
2760114
2137406
2196335
2151017
2199121
2694560
2745087
2746500
2688458
2109511
2145591
2727007
2197012
2693618
2183268
2813518
2817693
2428954
2401551
2159815
2181094
2224234
2787153
2109447
2230051
2649560
2410822
2730643
2190318
2787054
2754752
2826383
2135372
2181238
2085501
2426937
2681104
2419835
2191284
2209764
2684923
2668675
2413426
2648687
2745304
2179260
2775207
2759347
2411040
2158275
2173017
2684040
2693288
2664685
2202444
2829829
2193020
2421322
2665538
2671729
2777913
2820238
2231877
2692384
2746053
2774116
2192940
2148562
2659638
2752491
2210592
2102017
2741466
2690124
2800928
2815119
2137081
2102515
2403044
2674171
2754684
2415654
2204676
2813454
2640771
2696519
2656255
2739390
2782550
2167445
2100283
2215286
2641143
2753977
2088225
2776387
2169432
2111456
2109066
2138151
2212343
2142549
2794826
2646238
2783918
2680255
2768514
2098597
2087375
2083839
2808417
2221021
2692387
2764326
2666275
2660505
2800877
2695718
2783701
2166032
2191386
2760112
2668646
2763147
2227719
2204168
2144408
2170662
2428554
2642799
2140352
2141297
2642045
2792829
2679665
2403344
2758716
2699993
2809880
2836153
2125926
2746099
2754454
2741272
2746770
2416551
2784777
2152328
2763020
2755020
2720202
2759513
2751882
2759450
2803595
2181295
2150654
2211217
2696667
2643558
2222830
2229940
2739659
2406839
2186469
2680300
2226409
2828090
2184540
2693656
2195530
2788676
2770806
2749270
2717494
2189404
2685452
2760244
2647632
2656914
2214812
2163131
2407918
2765417
2760315
2779676
2759035
2194879
2646110
2792287
2403308
2185816
2836858
2194723
2686183
2752283
2684196
2751496
2682016
2725875
2173406
2687581
2754330
2079442
2193023
2833111
2076854
2759512
2687701
2821619
2646598
2109489
2762004
2817772
2677552
2698486
2780337
2667581
2747386
2419739
2228983
2202102
2084209
2215238
2169480
2156070
2150952
2804555
2707308
2418470
2688126
2681672
2168164
2230444
2681254
2751505
2816766
2782923
2686875
2646076
2405214
2213403
2430179
2670264
2138153
2419145
2177549
2659645
2095823
2675936
2757063
2412556
2120257
2153240
2781908
2422031
2200167
2109741
2647167
2114774
2668164
2647106
2695704
2210424
2651541
2670000
2191873
2674231
2230265
2688393
2793114
2755977
2185402
2192617
2696023
2184061
2646871
2794704
2754902
2688653
2197802
2217176
2744400
2415948
2769087
2083224
2431432
2120700
2086182
2230639
2800876
2780819
2833503
2156049
2722742
2693655
2081961
2757600
2184983
2211437
2149745
2220312
2131267
2747388
2418639
2665359
2769433
2109860
2780197
2123159
2750951
2222135
2677311
2750234
2421691
2674888
2830781
2171692
2163988
2750441
2820680
2765878
2753036
2725871
2796912
2789626
2745488
2089080
2756667
2821771
2778549
2115943
2788021
2748709
2781253
2133014
2210698
2777918
2695684
2691632
2221020
2222132
2716331
2202443
2765832
2220602
2179957
2724133
2220443
2417314
2821693
2829151
2210701
2779105
2413843
2206343
2754147
2400711
2190935
2683853
2685442
2766346
2227287
2135396
2215940
2094547
2695875
2435019
2805256
2195520
2195763
2696025
2658204
2755392
2145450
2131735
2221748
2794935
2647244
2141586
2085174
2761470
2668681
2222598
2683819
2406298
2747578
2789805
2123158
2162844
2175571
2177545
2171128
2422233
2702522
2416121
2683099
2232339
2790154
2197347
2827989
2823464
2187499
2133142
2416730
2186837
2096940
2665537
2761396
2227416
2138152
2681105
2180678
2743659
2131302
2234904
2681103
2809297
2827921
2675468
2133731
2760558
2684198
2186111
2773228
2083183
2191387
2087824
2129371
2177422
2430604
2685443
2206801
2775438
2196336
2424889
2680047
2131239
2676496
2792833
2165425
2090894
2419461
2165049
2232195
2712877
2687877
2688789
2808106
2206862
2661739
2743745
2684216
2640061
2785015
2751503
2821492
2126418
2695472
2162313
2228450
2203617
2171335
2172606
2424699
2691179
2744394
2684669
2224318
2781207
2134837
2413891
2787151
2666273
2192059
2739501
2179624
2759517
2772229
2684352
2207015
2804913
2686410
2789804
2762621
2686705
2694442
2786461
2751128
2785451
2111918
2667683
2662812
2127160
2223616
2163665
2221722
2821081
2823840
2753655
2100907
2778547
2157529
2744945
2197009
2661478
2219370
2683035
2217119
2421776
2752881
2771528
2817738
2776210
2801553
2692713
2090356
2118583
2691780
2708903
2134342
2417598
2108489
2153415
2207014
2759164
2408480
2802047
2659667
2782751
2825222
2658571
2221322
2785419
2815575
2713763
2192455
2763537
2648686
2646237
2760744
2803499
2103089
2404079
2805470
2655555
2751213
2197803
2778831
2081020
2142550
2706592
2826174
2158060
2752882
2173846
2693836
2790707
2833698
2213452
2076942
2658566
2197665
2686529
2410775
2097295
2746589
2186112
2760317
2689507
2676178
2838715
2679717
2419933
2722214
2214483
2733290
2205960
2644894
2178149
2804865
2122385
2425438
2203435
2096102
2681258
2746958
2659640
2216922
2766700
2109238
2215942
2807923
2222929
2666415
2094603
2415949
2428401
2416358
2216405
2688320
2421002
2080671
2217704
2403176
2747576
2179262
2146039
2168905
2207564
2192520
2404855
2117440
2176437
2189405
2687508
2761898
2159118
2748265
2418638
2418819
2798469
2120815
2149747
2677631
2817556
2765588
2411674
2400578
2423695
2197805
2807508
2835246
2754457
2751023
2189785
2774221
2814705
2187396
2759047
2777176
2136381
2656742
2182820
2785126
2691511
2193942
2210809
2771788
2128699
2778785
2145449
2794510
2218857
2782747
2116650
2416183
2182015
2665079
2114018
2123889
2664749
2144862
2677499
2740365
2206595
2822328
2679508
2120917
2145165
2691067
2405391
2836736
2408078
2408740
2116923
2751881
2660495
2690308
2694450
2740799
2083683
2673559
2164514
2144688
2211248
2413034
2769994
2182021
2417783
2185812
2216511
2674767
2753654
2757779
2654053
2134606
2763911
2828405
2200532
2204138
2226504
2749915
2677116
2673242
2752286
2791771
2645979
2676218
2219383
2200427
2725509
2210867
2210766
2767219
2200428
2219138
2828912
2759034
2686704
2687684
2640769
2757780
2196116
2210866
2683097
2782300
2198160
2642617
2701427
2748037
2178869
2151957
2824642
2099847
2216149
2200826
2684201
2159872
2220418
2135766
2202371
2222150
2833498
2779995
2210029
2808105
2421548
2171051
2186674
2199003
2105309
2075353
2146453
2691776
2837645
2181660
2177423
2780383
2423191
2676980
2424813
2690400
2430985
2174119
2654784
2656960
2686416
2718074
2144836
2762104
2780431
2182964
2085458
2748773
2234824
2146344
2795368
2806032
2418138
2415201
2168514
2207603
2684000
2776122
2738289
2211893
2758288
2190093
2779500
2084217
2077778
2190160
2829977
2787112
2787214
2400242
2165707
2760756
2761110
2804718
2682805
2746862
2777626
2420500
2691777
2654571
2825157
2225843
2663690
2411209
2674878
2780432
2765454
2823214
2820363
2427375
2769158
2165953
2201510
2692754
2193017
2078426
2129800
2689513
2748404
2218604
2158879
2722719
2645689
2831998
2147474
2235172
2826486
2682594
2691068
2750708
2757164
2213453
2827659
2643904
2185032
2775710
2707048
2798954
2415345
2199188
2706384
2668592
2173407
2814030
2679442
2196052
2208680
2673241
2703703
2762461
2771789
2675439
2096165
2214038
2675301
2683946
2676688
2785197
2161329
2642048
2769250
2710844
2125319
2775208
2802034
2088177
2186201
2172604
2642583
2225646
2106429
2831431
2223742
2678057
2644893
2206865
2652892
2738440
2167590
2172607
2817237
2421638
2745833
2766388
2167530
2687805
2419244
2170736
2208085
2705414
2161368
2758235
2766501
2680655
2087091
2190264
2763532
2412767
2774878
2126376
2698276
2641238
2691751
2116921
2644217
2208958
2706846
2833604
2742378
2415947
2687951
2687689
2666264
2765409
2675448
2670830
2143082
2210427
2166618
2679968
2787425
2685526
2415777
2224426
2765156
2750751
2680499
2162983
2200425
2803884
2234225
2417083
2644567
2680204
2105655
2694164
2231167
2705854
2663205
2747543
2183444
2130637
2690122
2206553
2431482
2187878
2668216
2789995
2800292
2172791
2231020
2829979
2681425
2751048
2233293
2743207
2770124
2143725
2765944
2645141
2425032
2659656
2826370
2097818
2148368
2124349
2212994
2698100
2753974
2813519
2786735
2419051
2166333
2095075
2157745
2770477
2233176
2681100
2671464
2181844
2677308
2224773
2666341
2119303
2413525
2692794
2676974
2696026
2169076
2221942
2209623
2746412
2222147
2686209
2102102
2826794
2829568
2758520
2679176
2688339
2691715
2180913
2403068
2087372
2673823
2744656
2750752
2197346
2424693
2130879
2183418
2187335
2765657
2130200
2756144
2677180
2660399
2672806
2206866
2415137
2657638
2194636
2793314
2229250
2121851
2782922
2804660
2752847
2208973
2766699
2796806
2219265
2779660
2669744
2078022
2702525
2186040
2695319
2145676
2171839
2132440
2711974
2193493
2684390
2788493
2115282
2154014
2641741
2201495
2791985
2776308
2229613
2234075
2646189
2670263
2136082
2688318
2212858
2419932
2206594
2775712
2117530
2828635
2775284
2686422
2205027
2200426
2800674
2787701
2432682
2156464
2753650
2186415
2779224
2424467
2747406
2764430
2672986
2743658
2763720
2185611
2697216
2142936
2400424
2688615
2204354
2812487
2793567
2432165
2139204
2678168
2173121
2410436
2648271
2102422
2759519
2784705
2772271
2774459
2211920
2222546
2131301
2814706
2413133
2677312
2231724
2681256
2141531
2771351
2676501
2748897
2825532
2808804
2726528
2169128
2694431
2646187
2673188
2132927
2146474
2223979
2679303
2674086
2660417
2681420
2762695
2185190
2642911
2173629
2695321
2224867
2786347
2126799
2784194
2826408
2676219
2779104
2701743
2665256
2772504
2146540
2160654
2674875
2669208
2677799
2795709
2686876
2119066
2220085
2135071
2210230
2831334
2837541
2743022
2688614
2107375
2788412
2765652
2402940
2688186
2757474
2180841
2218388
2417866
2135876
2770478
2695821
2777294
2187943
2665441
2699102
2806230
2809325
2140698
2765901
2674789
2132838
2101854
2642481
2778230
2656489
2673343
2647745
2134741
2231019
2182371
2721385
2818753
2076389
2199122
2643248
2215765
2822794
2172661
2677629
2210388
2744842
2127349
2422837
2132232
2412537
2686632
2684006
2666873
2679806
2762627
2796271
2686654
2224316
2211019
2696522
2775935
2725830
2230838
2205002
2646733
2759449
2678506
2785790
2179294
2823766
2420651
2830106
2423334
2200423
2821901
2822458
2680199
2142669
2193720
2162579
2814295
2219369
2156685
2203208
2095562
2405652
2644988
2697291
2800813
2674173
2824142
2221362
2667582
2680919
2786909
2743611
2717516
2758649
2660096
2646278
2131016
2215233
2805163
2646795
2226611
2829567
2759049
2212736
2673845
2689356
2097595
2172660
2405834
2191872
2774031
2420310
2169077
2234201
2413889
2661779
2148849
2784704
2161669
2837313
2803423
2177467
2768986
2403748
2743660
2683555
2777057
2166029
2699856
2430983
2214037
2653039
2674887
2809120
2226784
2193939
2680879
2214533
2187210
2771571
2800451
2746865
2761897
2791530
2109165
2753939
2208350
2741755
2813264
2740624
2686211
2770345
2703345
2129290
2423153
2666994
2177547
2155035
2786407
2682018
2775331
2181720
2418162
2743149
2685793
2644351
2139484
2423100
2674479
2190637
2415428
2429671
2665080
2131300
2751428
2766698
2150953
2643017
2228720
2412765
2404481
2154249
2233818
2218398
2195116
2431736
2157090
2413519
2198380
2789702
2159558
2763797
2773832
2755442
2149748
2209246
2428051
2210429
2206863
2827363
2130753
2184565
2122258
2201948
2815640
2820951
2763310
2171816
2751129
2784776
2822422
2834111
2230445
2771935
2096100
2409356
2754334
2766389
2768892
2229248
2222928
2734897
2697979
2741618
2780382
2662968
2677745
2689230
2643557
2778953
2158277
2796397
2717359
2691779
2814796
2229420
2808678
2688184
2132839
2196996
2793590
2688317
2169127
2684302
2654055
2427563
2753037
2695339
2653376
2146684
2758812
2798226
2756710
2643903
2673843
2401168
2184539
2404215
2778709
2673991
2101489
2760742
2663394
2118437
2799789
2191222
2826168
2402479
2198379
2149385
2220962
2771106
2687874
2809324
2195767
2210700
2412623
2792218
2680666
2221749
2646190
2687682
2178529
2206555
2126843
2678433
2147224
2679132
2235810
2693286
2829824
2664066
2686409
2169237
2137948
2750618
2686153
2800675
2716928
2428404
2137130
2687470
2146865
2220955
2692756
2743827
2663972
2210422
2667023
2759981
2196818
2808832
2760982
2195529
2691051
2221224
2741754
2823495
2159559
2425039
2791244
2698759
2756044
2127334
2211018
2144865
2158972
2688619
2190167
2673839
2207800
2205472
2688127
2679134
2690449
2196142
2688913
2809825
2182147
2221992
2748931
2707173
2779225
2640388
2201350
2693516
2688612
2180288
2192937
2406125
2416851
2682802
2655722
2201626
2410358
2746588
2692792
2770623
2756714
2114124
2680155
2165869
2768801
2647634
2641888
2411171
2773263
2233885
2751499
2823318
2226008
2165426
2751913
2685733
2679175
2162580
2219797
2190571
2216402
2777489
2220944
2211555
2652998
2767482
2805288
2754682
2696351
2208086
2813494
2707718
2663064
2186348
2684096
2199891
2220444
2646325
2711741
2645632
2128906
2707714
2642047
2206803
2235759
2825701
2118470
2784339
2697503
2167969
2790943
2205959
2083392
2648313
2673190
2754333
2701863
2642336
2835315
2643420
2079502
2695876
2694353
2759787
2092403
2697418
2798997
2756947
2809826
2748250
2186113
2721584
2691261
2758528
2674476
2111668
2752148
2759648
2774097
2682413
2693799
2416474
2685219
2794445
2080598
2224766
2743130
2706591
2809766
2780336
2086128
2112481
2151293
2228449
2159657
2235063
2675384
2133287
2689044
2184455
2699855
2083177
2101853
2766387
2182969
2791214
2406570
2104848
2691754
2654914
2826536
2822233
2403347
2191179
2803062
2733995
2215094
2748708
2228167
2176465
2083698
2215447
2211408
2230217
2215095
2105545
2217020
2156960
2800030
2714540
2171895
2426172
2202370
2674580
2651644
2744843
2420650
2717690
2757795
2791926
2666272
2197571
2174869
2745308
2819230
2774704
2125082
2173351
2081025
2175361
2789429
2642333
2144598
2202685
2230670
2194439
2205001
2643559
2687702
2203616
2171500
2647045
2229419
2142407
2182427
2783682
2085169
2116924
2423365
2747579
2647245
2124097
2148787
2824399
2647242
2220084
2179757
2670873
2095664
2173019
2196139
2402900
2202283
2764429
2223360
2100285
2687683
2114375
2677183
2679100
2646186
2738587
2746270
2744020
2428686
2721962
2822731
2686718
2169278
2756737
2691279
2216255
2076432
2137767
2164337
2195117
2109065
2222339
2834229
2097732
2700721
2207566
2748387
2176699
2790524
2217402
2408455
2779941
2403130
2749214
2223420
2176466
2759914
2211891
2652776
2106681
2428402
2183690
2767361
2797132
2690763
2226941
2201625
2157620
2702627
2430991
2687154
2076856
2422898
2226331
2662859
2676979
2707713
2178242
2157270
2762917
2759387
2109064
2692389
2788105
2640711
2224430
2748665
2225583
2675696
2673847
2407518
2645256
2123329
2826355
2207916
2217201
2186605
2182198
2730583
2180909
2092280
2752494
2686111
2685707
2159156
2826839
2816790
2430992
2742161
2792997
2821585
2182068
2157271
2418468
2730683
2799575
2652359
2234226
2768442
2767135
2668050
2120916
2687709
2184766
2221878
2407933
2713244
2126461
2797163
2697745
2647034
2151602
2830926
2814789
2804345
2206802
2674170
2419050
2682759
2807657
2794686
2774115
2134160
2192586
2765066
2213312
2190508
2736120
2641656
2652844
2173408
2675871
2682051
2740801
2402116
2777422
2197207
2680157
2179254
2228643
2760878
2743838
2755774
2410266
2778708
2757796
2206731
2165713
2685795
2178729
2728941
2206864
2186697
2188530
2762630
2679587
2740236
2674011
2162312
2427990
2416855
2713764
2657866
2771380
2213526
2804988
2685477
2424220
2712280
2679443
2668593
2823994
2193611
2774705
2648253
2096246
2419512
2679136
2800673
2418416
2685036
2114264
2672805
2778711
2216510
2781026
2233110
2133369
2679444
2210285
2756342
2082832
2158257
2182968
2829881
2783472
2182067
2218811
2223911
2193446
2707702
2146685
2182199
2233728
2684299
2683067
2761149
2830555
2168515
2747228
2186041
2680654
2197011
2122685
2111221
2129469
2767356
2711646
2144320
2176278
2668215
2676777
2744018
2787687
2687685
2420073
2733839
2192531
2646179
2753826
2150954
2780717
2793111
2737955
2754025
2167042
2428501
2781906
2684633
2168584
2195951
2678311
2791725
2648269
2077943
2406524
2197664
2766390
2795917
2177421
2689607
2792494
2417301
2763149
2759785
2701744
2797488
2791358
2135415
2769528
2789193
2150652
2698928
2209564
2659662
2683493
2686549
2805517
2224429
2816885
2205469
2756279
2645814
2106729
2400579
2782553
2690706
2204675
2695629
2773222
2645933
2745130
2430181
2736379
2169623
2772628
2656381
2138747
2176117
2688163
2650364
2792375
2816547
2188442
2158973
2200429
2173845
2696518
2650445
2680254
2739663
2749267
2141921
2784598
2184553
2079410
2815118
2745886
2217071
2192865
2197804
2779942
2741147
2101263
2105039
2756143
2199604
2206185
2650365
2672151
2750950
2204677
2413457
2644564
2662343
2141672
2423315
2688613
2765152
2131630
2696521
2666274
2710588
2147869
2656488
2679666
2163690
2174508
2798693
2178530
2753539
2231507
2190932
2774598
2820952
2683509
2769625
2645333
2213451
2657617
2404214
2672804
2769442
2752857
2672224
2123376
2752149
2659831
2160884
2107035
2689510
2404598
2705997
2803101
2141356
2764426
2804093
2117985
2751974
2695239
2401321
2744845
2418163
2166469
2757071
2809246
2818007
2201494
2642691
2199558
2199609
2184138
2763148
2764881
2184538
2186606
2192703
2142829
2180290
2684203
2424350
2770479
2819924
2421458
2644571
2698930
2190940
2182482
2684668
2684637
2784234
2794540
2092820
2751397
2772228
2718134
2099565
2135765
2832114
2142937
2138447
2225394
2725516
2758638
2233112
2660087
2230821
2670990
2649374
2184765
2193019
2189342
2659643
2210943
2414536
2153934
2645254
2686297
2200420
2681299
2757244
2823808
2670831
2793271
2420934
2671170
2681122
2190930
2685441
2838487
2684298
2759386
2681484
2657639
2145672
2111455
2084860
2229246
2195357
2756911
2776941
2149535
2126377
2203716
2750237
2686069
2690307
2769950
2755441
2426429
2178152
2663395
2192706
2832895
2132352
2686528
2111501
2737724
2763019
2219733
2083791
2166039
2782383
2697025
2690819
2190094
2192864
2778332
2153418
2809612
2643249
2740349
2749397
2423897
2823896
2670376
2823054
2683425
2201219
2773071
2229465
2665078
2137768
2413890
2104214
2084032
2117441
2697501
2813659
2095541
2139134
2179253
2417637
2201132
2771570
2792444
2153239
2827210
2076855
2646180
2190450
2426867
2827458
2232481
2423793
2219954
2670861
2659648
2662393
2741465
2229792
2224454
2681600
2663153
2700442
2217200
2686986
2149536
2686212
2744250
2827911
2098589
2747226
2172801
2679588
2148846
2782921
2172833
2087415
2201578
2193941
2688169
2155419
2425895
2678437
2144016
2175050
2166468
2644984
2184563
2792713
2193575
2141464
2173352
2216467
2676991
2194691
2668053
2403953
2134913
2106446
2190104
2401623
2681101
2800164
2740968
2806604
2185811
2198384
2801552
2415204
2759262
2412320
2426742
2158276
2684389
2169363
2419243
2757118
2148331
2132353
2185814
2430182
2197948
2142938
2177432
2831049
2225587
2668098
2686141
2138954
2420316
2689056
2784157
2201100
2222927
2808722
2216921
2229939
2657130
2401882
2419935
2180714
2674906
2431564
2221747
2400138
2428948
2089077
2151352
2686213
2089764
2673962
2679441
2178073
2647589
2800079
2795918
2225431
2739592
2422888
2149131
2113691
2211483
2782154
2683427
2754680
2146041
2408726
2197345
2655129
2697395
2231300
2154436
2153414
2210926
2642878
2218099
2223394
2749103
2792460
2707051
2688282
2085544
2791359
2665332
2755975
2829025
2656916
2665156
2687525
2163447
2826099
2653991
2081116
2124556
2675938
2786424
2225355
2826176
2130450
2170034
2806269
2751233
2785947
2746140
2177207
2744657
2774505
2777295
2101033
2741155
2654703
2759915
2168906
2825329
2690910
2696334
2794850
2177544
2418173
2775867
2428682
2183535
2675690
2741179
2137754
2831780
2148845
2167617
2077028
2682459
2118876
2808145
2819356
2833684
2126352
2680888
2768356
2214531
2214034
2829630
2823052
2421637
2804785
2768556
2831792
2674356
2805491
2130763
2799766
2173012
2099908
2181328
2754340
2144886
2417594
2211324
2660507
2127548
2207693
2428101
2774207
2787609
2657129
2754799
2177420
2815779
2745697
2824876
2691181
2758259
2088351
2813801
2404952
2731852
2123160
2180709
2421937
2829766
2761180
2189403
2145675
2074354
2654573
2114715
2138869
2696664
2748838
2689957
2697419
2114740
2726666
2209328
2653040
2763415
2148332
2691325
2231301
2662109
2657134
2760981
2184564
2210697
2811930
2771664
2795531
2685943
2217615
2799765
2658734
2760746
2771260
2787776
2814704
2770391
2718042
2210699
2218107
2718234
2777722
2208576
2192454
2148261
2676224
2687232
2100840
2187567
2775317
2745129
2184982
2161459
2188947
2643851
2695820
2692155
2425721
2199892
2759166
2696024
2166467
2163538
2665083
2807044
2748311
2209279
2801761
2697944
2754556
2215479
2181464
2742162
2677962
2110849
2203436
2432474
2678652
2821934
2649379
2684774
2685451
2216080
2773916
2181237
2748711
2182679
2798046
2195610
2648314
2403880
2646597
2422568
2832597
2832527
2773750
2763414
2662341
2077029
2758006
2688620
2182627
2187687
2743104
2829842
2826097
2107297
2416579
2799794
2173354
2200437
2752930
2821082
2823415
2753742
2805861
2646794
2750614
2690113
2748661
2182680
2778591
2753223
2686214
2187977
2158828
2400425
2775668
2760710
2406299
2414537
2119537
2689648
2827309
2679715
2214092
2135395
2827103
2194859
2212637
2680764
2815502
2765911
2716282
2760116
2136876
2182678
2412344
2175966
2189740
2741687
2407601
2195085
2601259
2777388
2414846
2232008
2175406
2171587
2727012
2674078
2190931
2403309
2662858
2777920
2190567
2403558
2785775
2798734
2130626
2795367
2757212
2425040
2811127
2682335
2689557
2208794
2124190
2790114
2078633
2174087
2154409
2797537
2156880
2202583
2773119
2194060
2686298
2747566
2076639
2179712
2751710
2676495
2193092
2118678
2819657
2227442
2647105
2691367
2806940
2826909
2833709
2404953
2698763
2408799
2687471
2426748
2784865
2414819
2673822
2149615
2785101
2695878
2204703
2768257
2789461
2655554
2183034
2815248
2235597
2677746
2418170
2100908
2775249
2184062
2743762
2745483
2765814
2233727
2198929
2170911
2168051
2207016
2182014
2136799
2157197
2422313
2799326
2775333
2681952
2176528
2405651
2140193
2194160
2645898
2757425
2691750
2796160
2682682
2419936
2191388
2644033
2769993
2424133
2760110
2795991
2690722
2774877
2787624
2778073
2198513
2680469
2750892
2773756
2211212
2770514
2788901
2121032
2430541
2780132
2133710
2686136
2749374
2793569
2678496
2211442
2810027
2213311
2190630
2202743
2402899
2765835
2407911
2154408
2748662
2795135
2815314
2736113
2682265
2179759
2192947
2808033
2819156
2747882
2686182
2828636
2731851
2157806
2813803
2161326
2757792
2401550
2745045
2707170
2199068
2815780
2808239
2101134
2691282
2777216
2157530
2184353
2676040
2788485
2753775
2654652
2772635
2750435
2179976
2761111
2156465
2789833
2767805
2680918
2423333
2179255
2209894
2410150
2754762
2684922
2414539
2214085
2210888
2091686
2822746
2766461
2181397
2091082
2423683
2408079
2426326
2780199
2776692
2156761
2646641
2402771
2681677
2670862
2685220
2759388
2809158
2216465
2799519
2144026
2773947
2181339
2677960
2191634
2180949
2779072
2776792
2664348
2116169
2747237
2212119
2162897
2117088
2086111
2679507
2684297
2829927
2422038
2225085
2209274
2224597
2743178
2684548
2427992
2663204
2081013
2676104
2709363
2188582
2149746
2682050
2080064
2685610
2127159
2189608
2409194
2419462
2174509
2195047
2640907
2656578
2083531
2428952
2739664
2808553
2694115
2206584
2823257
2094396
2687873
2646904
2096030
2172226
2812652
2655787
2186510
2677112
2807800
2742507
2410916
2425903
2153238
2185815
2695832
2410648
2206346
2677110
2679366
2118877
2647744
2746098
2186350
2693239
2195740
2216514
2731086
2644344
2162949
2717495
2671825
2154210
2089509
2699103
2726073
2181845
2174352
2229457
2687442
2665539
2781114
2797371
2803561
2784247
2169768
2756976
2700108
2775248
2187266
2662290
2668791
2141998
2705849
2675769
2191178
2121340
2122386
2202284
2685450
2693735
2743322
2746773
2225645
2657135
2191995
2205028
2813792
2744223
2235837
2773831
2755181
2752753
2642657
2159116
2228721
2746015
2706590
2645930
2170494
2186693
2690643
2133546
2199464
2193895
2657096
2698018
2757661
2172605
2683820
2767970
2698758
2748663
2674177
2802375
2687443
2685317
2678270
2198057
2682767
2774317
2143089
2405213
2748664
2750053
2691631
2421082
2158718
2410910
2413520
2749973
2661738
2737267
2741488
2233760
2405776
2124348
2230704
2197013
2666847
2182543
2703473
2756048
2168795
2680649
2214695
2157682
2419144
2784881
2684200
2141213
2080632
2181235
2227701
2769513
2418953
2774504
2766431
2229616
2204142
2234071
2418915
2215237
2181721
2166790
2746586
2160655
2801715
2755552
2821028
2647243
2232923
2403589
2683630
2816994
2824407
2206386
2753534
2682804
2790172
2801879
2208971
2796398
2090991
2774288
2750948
2754896
2143081
2672056
2115608
2216997
2676498
2787150
2684384
2081124
2810026
2234848
2664005
2740227
2163670
2081266
2763581
2117836
2699994
2691630
2755208
2744411
2427993
2189961
2226004
2760709
2837777
2804398
2179291
2748681
2140045
2669929
2669997
2200827
2666339
2201075
2673405
2407910
2757499
2101490
2226077
2697971
2749377
2683556
2404390
2414950
2081927
2747236
2091023
2803596
2689407
2645542
2195768
2077775
2207960
2219802
2147475
2088126
2081770
2665211
2750953
2815247
2671727
2772388
2133964
2645084
2155793
2161328
2216708
2657868
2081265
2155051
2802838
2823945
2416171
2746012
2192704
2646858
2750087
2775462
2710743
2788565
2093369
2741074
2143435
2218262
2800993
2126006
2408050
2677961
2143929
2773271
2188938
2680665
2188149
2161159
2797992
2131555
2682801
2209893
2794539
2693539
2401548
2413176
2784156
2422655
2645083
2099157
2794177
2675387
2415343
2695874
2749775
2185341
2766371
2075583
2090474
2759916
2076388
2131909
2095467
2220954
2234755
2154689
2414540
2778125
2674889
2648887
2696352
2210764
2154101
2651824
2079631
2165359
2647590
2156406
2203717
2419242
2822745
2823993
2741756
2665680
2813464
2763925
2813063
2766535
2185690
2647633
2176105
2174351
2431856
2161251
2678263
2774047
2188227
2210426
2679365
2197666
2781362
2157724
2190106
2745448
2212737
2078740
2752856
2742025
2769482
2111658
2792958
2118677
2783702
2704309
2146336
2229247
2828275
2208634
2218810
2756975
2659650
2662916
2221364
2677851
2425214
2760242
2779357
2649762
2178334
2184767
2233150
2191633
2648254
2181400
2221949
2174845
2698480
2687362
2413035
2429609
2683976
2082458
2784420
2125727
2427552
2752636
2200165
2745046
2677143
2683905
2404078
2776940
2760708
2185612
2790706
2755209
2181236
2677562
2143437
2832623
2655939
2424626
2764088
2682057
2227505
2195764
2663688
2100036
2681882
2232819
2206861
2810413
2759228
2745895
2111123
2175360
2162488
2199184
2664013
2157746
2415856
2649346
2682903
2216712
2774218
2234216
2231725
2757324
2752493
2777218
2647168
2677630
2781027
2781051
2176990
2212932
2170260
2668682
2074658
2425038
2402772
2204141
2754453
2749949
2420039
2752153
2083391
2766650
2764210
2141214
2708904
2184060
2771028
2188173
2804556
2688788
2420426
2417302
2185890
2752859
2666338
2662342
2140044
2207432
2675770
2745447
2176619
2787455
2163357
2759511
2693712
2672673
2194159
2130777
2760551
2413514
2684853
2709908
2675440
2074665
2231719
2767830
2172024
2184769
2219371
2783684
2677689
2659636
2748266
2755246
2104911
2156638
2688340
2774034
2200424
2753754
2079463
2186434
2804717
2765214
2193559
2748660
2191319
2186114
2221877
2690260
2412766
2405653
2188384
2416854
2680259
2707055
2185102
2149775
2656261
2210767
2687954
2225753
2410543
2789998
2688732
2739389
2750607
2204702
2824927
2169598
2764089
2752865
2821561
2210028
2103607
2205654
2193725
2747898
2206720
2674762
2209406
2689647
2651187
2185340
2807850
2673917
2674581
2761112
2779129
2640831
2753537
2418386
2673903
2234202
2112663
2801881
2147582
2669040
2771461
2762462
2834357
2776566
2133331
2400580
2743657
2081019
2194158
2152303
2113921
2196686
2192151
2219139
2739590
2757714
2697292
2107288
2146040
2754430
2804276
2128264
2758529
2825346
2702193
2431481
2773561
2836214
2709247
2143729
2743177
2778014
2680156
2198378
2180710
2646108
2749681
2831940
2401549
2091705
2803830
2775285
2773035
2762629
2192060
2401831
2194692
2759048
2728536
2684211
2696330
2222931
2084167
2183546
2760711
2754753
2681106
2681315
2215096
2767330
2192939
2700109
2682585
2684851
2774724
2833223
2418415
2132171
2091069
2143650
2420608
2651539
2153755
2160656
2743458
2424003
2786382
2667583
2753700
2823038
2194939
2166968
2670878
2695127
2174090
2683947
2814970
2683945
2806208
2680257
2792962
2796121
2225842
2177546
2801550
2157771
2116651
2752858
2787426
2806259
2753975
2803063
2693617
2778288
2227329
2691235
2777490
2179816
2691778
2762628
2730644
2232401
2216096
2759051
2687118
2695706
2704637
2652356
2158859
2812509
2645139
2674768
2782199
2218605
2187076
2124482
2809121
2687764
2810585
2764675
2689411
2691954
2428498
2686633
2196817
2098292
2686706
2186416
2683068
2674226
2171814
2776787
2177551
